p cnf 100 2950 
1 2 3 4 5 6 7 8 9 10 0 
11 12 13 14 15 16 17 18 19 20 0 
21 22 23 24 25 26 27 28 29 30 0 
31 32 33 34 35 36 37 38 39 40 0 
41 42 43 44 45 46 47 48 49 50 0 
51 52 53 54 55 56 57 58 59 60 0 
61 62 63 64 65 66 67 68 69 70 0 
71 72 73 74 75 76 77 78 79 80 0 
81 82 83 84 85 86 87 88 89 90 0 
91 92 93 94 95 96 97 98 99 100 0 
-1 -2 0 
-1 -3 0 
-1 -4 0 
-1 -5 0 
-1 -6 0 
-1 -7 0 
-1 -8 0 
-1 -9 0 
-1 -10 0 
-1 -11 0 
-1 -12 0 
-1 -21 0 
-1 -23 0 
-1 -31 0 
-1 -34 0 
-1 -41 0 
-1 -45 0 
-1 -51 0 
-1 -56 0 
-1 -61 0 
-1 -67 0 
-1 -71 0 
-1 -78 0 
-1 -81 0 
-1 -89 0 
-1 -91 0 
-1 -100 0 
-2 -1 0 
-2 -3 0 
-2 -4 0 
-2 -5 0 
-2 -6 0 
-2 -7 0 
-2 -8 0 
-2 -9 0 
-2 -10 0 
-2 -11 0 
-2 -12 0 
-2 -13 0 
-2 -22 0 
-2 -24 0 
-2 -32 0 
-2 -35 0 
-2 -42 0 
-2 -46 0 
-2 -52 0 
-2 -57 0 
-2 -62 0 
-2 -68 0 
-2 -72 0 
-2 -79 0 
-2 -82 0 
-2 -90 0 
-2 -92 0 
-3 -1 0 
-3 -2 0 
-3 -4 0 
-3 -5 0 
-3 -6 0 
-3 -7 0 
-3 -8 0 
-3 -9 0 
-3 -10 0 
-3 -12 0 
-3 -13 0 
-3 -14 0 
-3 -21 0 
-3 -23 0 
-3 -25 0 
-3 -33 0 
-3 -36 0 
-3 -43 0 
-3 -47 0 
-3 -53 0 
-3 -58 0 
-3 -63 0 
-3 -69 0 
-3 -73 0 
-3 -80 0 
-3 -83 0 
-3 -93 0 
-4 -1 0 
-4 -2 0 
-4 -3 0 
-4 -5 0 
-4 -6 0 
-4 -7 0 
-4 -8 0 
-4 -9 0 
-4 -10 0 
-4 -13 0 
-4 -14 0 
-4 -15 0 
-4 -22 0 
-4 -24 0 
-4 -26 0 
-4 -31 0 
-4 -34 0 
-4 -37 0 
-4 -44 0 
-4 -48 0 
-4 -54 0 
-4 -59 0 
-4 -64 0 
-4 -70 0 
-4 -74 0 
-4 -84 0 
-4 -94 0 
-5 -1 0 
-5 -2 0 
-5 -3 0 
-5 -4 0 
-5 -6 0 
-5 -7 0 
-5 -8 0 
-5 -9 0 
-5 -10 0 
-5 -14 0 
-5 -15 0 
-5 -16 0 
-5 -23 0 
-5 -25 0 
-5 -27 0 
-5 -32 0 
-5 -35 0 
-5 -38 0 
-5 -41 0 
-5 -45 0 
-5 -49 0 
-5 -55 0 
-5 -60 0 
-5 -65 0 
-5 -75 0 
-5 -85 0 
-5 -95 0 
-6 -1 0 
-6 -2 0 
-6 -3 0 
-6 -4 0 
-6 -5 0 
-6 -7 0 
-6 -8 0 
-6 -9 0 
-6 -10 0 
-6 -15 0 
-6 -16 0 
-6 -17 0 
-6 -24 0 
-6 -26 0 
-6 -28 0 
-6 -33 0 
-6 -36 0 
-6 -39 0 
-6 -42 0 
-6 -46 0 
-6 -50 0 
-6 -51 0 
-6 -56 0 
-6 -66 0 
-6 -76 0 
-6 -86 0 
-6 -96 0 
-7 -1 0 
-7 -2 0 
-7 -3 0 
-7 -4 0 
-7 -5 0 
-7 -6 0 
-7 -8 0 
-7 -9 0 
-7 -10 0 
-7 -16 0 
-7 -17 0 
-7 -18 0 
-7 -25 0 
-7 -27 0 
-7 -29 0 
-7 -34 0 
-7 -37 0 
-7 -40 0 
-7 -43 0 
-7 -47 0 
-7 -52 0 
-7 -57 0 
-7 -61 0 
-7 -67 0 
-7 -77 0 
-7 -87 0 
-7 -97 0 
-8 -1 0 
-8 -2 0 
-8 -3 0 
-8 -4 0 
-8 -5 0 
-8 -6 0 
-8 -7 0 
-8 -9 0 
-8 -10 0 
-8 -17 0 
-8 -18 0 
-8 -19 0 
-8 -26 0 
-8 -28 0 
-8 -30 0 
-8 -35 0 
-8 -38 0 
-8 -44 0 
-8 -48 0 
-8 -53 0 
-8 -58 0 
-8 -62 0 
-8 -68 0 
-8 -71 0 
-8 -78 0 
-8 -88 0 
-8 -98 0 
-9 -1 0 
-9 -2 0 
-9 -3 0 
-9 -4 0 
-9 -5 0 
-9 -6 0 
-9 -7 0 
-9 -8 0 
-9 -10 0 
-9 -18 0 
-9 -19 0 
-9 -20 0 
-9 -27 0 
-9 -29 0 
-9 -36 0 
-9 -39 0 
-9 -45 0 
-9 -49 0 
-9 -54 0 
-9 -59 0 
-9 -63 0 
-9 -69 0 
-9 -72 0 
-9 -79 0 
-9 -81 0 
-9 -89 0 
-9 -99 0 
-10 -1 0 
-10 -2 0 
-10 -3 0 
-10 -4 0 
-10 -5 0 
-10 -6 0 
-10 -7 0 
-10 -8 0 
-10 -9 0 
-10 -19 0 
-10 -20 0 
-10 -28 0 
-10 -30 0 
-10 -37 0 
-10 -40 0 
-10 -46 0 
-10 -50 0 
-10 -55 0 
-10 -60 0 
-10 -64 0 
-10 -70 0 
-10 -73 0 
-10 -80 0 
-10 -82 0 
-10 -90 0 
-10 -91 0 
-10 -100 0 
-11 -1 0 
-11 -2 0 
-11 -12 0 
-11 -13 0 
-11 -14 0 
-11 -15 0 
-11 -16 0 
-11 -17 0 
-11 -18 0 
-11 -19 0 
-11 -20 0 
-11 -21 0 
-11 -22 0 
-11 -31 0 
-11 -33 0 
-11 -41 0 
-11 -44 0 
-11 -51 0 
-11 -55 0 
-11 -61 0 
-11 -66 0 
-11 -71 0 
-11 -77 0 
-11 -81 0 
-11 -88 0 
-11 -91 0 
-11 -99 0 
-12 -1 0 
-12 -2 0 
-12 -3 0 
-12 -11 0 
-12 -13 0 
-12 -14 0 
-12 -15 0 
-12 -16 0 
-12 -17 0 
-12 -18 0 
-12 -19 0 
-12 -20 0 
-12 -21 0 
-12 -22 0 
-12 -23 0 
-12 -32 0 
-12 -34 0 
-12 -42 0 
-12 -45 0 
-12 -52 0 
-12 -56 0 
-12 -62 0 
-12 -67 0 
-12 -72 0 
-12 -78 0 
-12 -82 0 
-12 -89 0 
-12 -92 0 
-12 -100 0 
-13 -2 0 
-13 -3 0 
-13 -4 0 
-13 -11 0 
-13 -12 0 
-13 -14 0 
-13 -15 0 
-13 -16 0 
-13 -17 0 
-13 -18 0 
-13 -19 0 
-13 -20 0 
-13 -22 0 
-13 -23 0 
-13 -24 0 
-13 -31 0 
-13 -33 0 
-13 -35 0 
-13 -43 0 
-13 -46 0 
-13 -53 0 
-13 -57 0 
-13 -63 0 
-13 -68 0 
-13 -73 0 
-13 -79 0 
-13 -83 0 
-13 -90 0 
-13 -93 0 
-14 -3 0 
-14 -4 0 
-14 -5 0 
-14 -11 0 
-14 -12 0 
-14 -13 0 
-14 -15 0 
-14 -16 0 
-14 -17 0 
-14 -18 0 
-14 -19 0 
-14 -20 0 
-14 -23 0 
-14 -24 0 
-14 -25 0 
-14 -32 0 
-14 -34 0 
-14 -36 0 
-14 -41 0 
-14 -44 0 
-14 -47 0 
-14 -54 0 
-14 -58 0 
-14 -64 0 
-14 -69 0 
-14 -74 0 
-14 -80 0 
-14 -84 0 
-14 -94 0 
-15 -4 0 
-15 -5 0 
-15 -6 0 
-15 -11 0 
-15 -12 0 
-15 -13 0 
-15 -14 0 
-15 -16 0 
-15 -17 0 
-15 -18 0 
-15 -19 0 
-15 -20 0 
-15 -24 0 
-15 -25 0 
-15 -26 0 
-15 -33 0 
-15 -35 0 
-15 -37 0 
-15 -42 0 
-15 -45 0 
-15 -48 0 
-15 -51 0 
-15 -55 0 
-15 -59 0 
-15 -65 0 
-15 -70 0 
-15 -75 0 
-15 -85 0 
-15 -95 0 
-16 -5 0 
-16 -6 0 
-16 -7 0 
-16 -11 0 
-16 -12 0 
-16 -13 0 
-16 -14 0 
-16 -15 0 
-16 -17 0 
-16 -18 0 
-16 -19 0 
-16 -20 0 
-16 -25 0 
-16 -26 0 
-16 -27 0 
-16 -34 0 
-16 -36 0 
-16 -38 0 
-16 -43 0 
-16 -46 0 
-16 -49 0 
-16 -52 0 
-16 -56 0 
-16 -60 0 
-16 -61 0 
-16 -66 0 
-16 -76 0 
-16 -86 0 
-16 -96 0 
-17 -6 0 
-17 -7 0 
-17 -8 0 
-17 -11 0 
-17 -12 0 
-17 -13 0 
-17 -14 0 
-17 -15 0 
-17 -16 0 
-17 -18 0 
-17 -19 0 
-17 -20 0 
-17 -26 0 
-17 -27 0 
-17 -28 0 
-17 -35 0 
-17 -37 0 
-17 -39 0 
-17 -44 0 
-17 -47 0 
-17 -50 0 
-17 -53 0 
-17 -57 0 
-17 -62 0 
-17 -67 0 
-17 -71 0 
-17 -77 0 
-17 -87 0 
-17 -97 0 
-18 -7 0 
-18 -8 0 
-18 -9 0 
-18 -11 0 
-18 -12 0 
-18 -13 0 
-18 -14 0 
-18 -15 0 
-18 -16 0 
-18 -17 0 
-18 -19 0 
-18 -20 0 
-18 -27 0 
-18 -28 0 
-18 -29 0 
-18 -36 0 
-18 -38 0 
-18 -40 0 
-18 -45 0 
-18 -48 0 
-18 -54 0 
-18 -58 0 
-18 -63 0 
-18 -68 0 
-18 -72 0 
-18 -78 0 
-18 -81 0 
-18 -88 0 
-18 -98 0 
-19 -8 0 
-19 -9 0 
-19 -10 0 
-19 -11 0 
-19 -12 0 
-19 -13 0 
-19 -14 0 
-19 -15 0 
-19 -16 0 
-19 -17 0 
-19 -18 0 
-19 -20 0 
-19 -28 0 
-19 -29 0 
-19 -30 0 
-19 -37 0 
-19 -39 0 
-19 -46 0 
-19 -49 0 
-19 -55 0 
-19 -59 0 
-19 -64 0 
-19 -69 0 
-19 -73 0 
-19 -79 0 
-19 -82 0 
-19 -89 0 
-19 -91 0 
-19 -99 0 
-20 -9 0 
-20 -10 0 
-20 -11 0 
-20 -12 0 
-20 -13 0 
-20 -14 0 
-20 -15 0 
-20 -16 0 
-20 -17 0 
-20 -18 0 
-20 -19 0 
-20 -29 0 
-20 -30 0 
-20 -38 0 
-20 -40 0 
-20 -47 0 
-20 -50 0 
-20 -56 0 
-20 -60 0 
-20 -65 0 
-20 -70 0 
-20 -74 0 
-20 -80 0 
-20 -83 0 
-20 -90 0 
-20 -92 0 
-20 -100 0 
-21 -1 0 
-21 -3 0 
-21 -11 0 
-21 -12 0 
-21 -22 0 
-21 -23 0 
-21 -24 0 
-21 -25 0 
-21 -26 0 
-21 -27 0 
-21 -28 0 
-21 -29 0 
-21 -30 0 
-21 -31 0 
-21 -32 0 
-21 -41 0 
-21 -43 0 
-21 -51 0 
-21 -54 0 
-21 -61 0 
-21 -65 0 
-21 -71 0 
-21 -76 0 
-21 -81 0 
-21 -87 0 
-21 -91 0 
-21 -98 0 
-22 -2 0 
-22 -4 0 
-22 -11 0 
-22 -12 0 
-22 -13 0 
-22 -21 0 
-22 -23 0 
-22 -24 0 
-22 -25 0 
-22 -26 0 
-22 -27 0 
-22 -28 0 
-22 -29 0 
-22 -30 0 
-22 -31 0 
-22 -32 0 
-22 -33 0 
-22 -42 0 
-22 -44 0 
-22 -52 0 
-22 -55 0 
-22 -62 0 
-22 -66 0 
-22 -72 0 
-22 -77 0 
-22 -82 0 
-22 -88 0 
-22 -92 0 
-22 -99 0 
-23 -1 0 
-23 -3 0 
-23 -5 0 
-23 -12 0 
-23 -13 0 
-23 -14 0 
-23 -21 0 
-23 -22 0 
-23 -24 0 
-23 -25 0 
-23 -26 0 
-23 -27 0 
-23 -28 0 
-23 -29 0 
-23 -30 0 
-23 -32 0 
-23 -33 0 
-23 -34 0 
-23 -41 0 
-23 -43 0 
-23 -45 0 
-23 -53 0 
-23 -56 0 
-23 -63 0 
-23 -67 0 
-23 -73 0 
-23 -78 0 
-23 -83 0 
-23 -89 0 
-23 -93 0 
-23 -100 0 
-24 -2 0 
-24 -4 0 
-24 -6 0 
-24 -13 0 
-24 -14 0 
-24 -15 0 
-24 -21 0 
-24 -22 0 
-24 -23 0 
-24 -25 0 
-24 -26 0 
-24 -27 0 
-24 -28 0 
-24 -29 0 
-24 -30 0 
-24 -33 0 
-24 -34 0 
-24 -35 0 
-24 -42 0 
-24 -44 0 
-24 -46 0 
-24 -51 0 
-24 -54 0 
-24 -57 0 
-24 -64 0 
-24 -68 0 
-24 -74 0 
-24 -79 0 
-24 -84 0 
-24 -90 0 
-24 -94 0 
-25 -3 0 
-25 -5 0 
-25 -7 0 
-25 -14 0 
-25 -15 0 
-25 -16 0 
-25 -21 0 
-25 -22 0 
-25 -23 0 
-25 -24 0 
-25 -26 0 
-25 -27 0 
-25 -28 0 
-25 -29 0 
-25 -30 0 
-25 -34 0 
-25 -35 0 
-25 -36 0 
-25 -43 0 
-25 -45 0 
-25 -47 0 
-25 -52 0 
-25 -55 0 
-25 -58 0 
-25 -61 0 
-25 -65 0 
-25 -69 0 
-25 -75 0 
-25 -80 0 
-25 -85 0 
-25 -95 0 
-26 -4 0 
-26 -6 0 
-26 -8 0 
-26 -15 0 
-26 -16 0 
-26 -17 0 
-26 -21 0 
-26 -22 0 
-26 -23 0 
-26 -24 0 
-26 -25 0 
-26 -27 0 
-26 -28 0 
-26 -29 0 
-26 -30 0 
-26 -35 0 
-26 -36 0 
-26 -37 0 
-26 -44 0 
-26 -46 0 
-26 -48 0 
-26 -53 0 
-26 -56 0 
-26 -59 0 
-26 -62 0 
-26 -66 0 
-26 -70 0 
-26 -71 0 
-26 -76 0 
-26 -86 0 
-26 -96 0 
-27 -5 0 
-27 -7 0 
-27 -9 0 
-27 -16 0 
-27 -17 0 
-27 -18 0 
-27 -21 0 
-27 -22 0 
-27 -23 0 
-27 -24 0 
-27 -25 0 
-27 -26 0 
-27 -28 0 
-27 -29 0 
-27 -30 0 
-27 -36 0 
-27 -37 0 
-27 -38 0 
-27 -45 0 
-27 -47 0 
-27 -49 0 
-27 -54 0 
-27 -57 0 
-27 -60 0 
-27 -63 0 
-27 -67 0 
-27 -72 0 
-27 -77 0 
-27 -81 0 
-27 -87 0 
-27 -97 0 
-28 -6 0 
-28 -8 0 
-28 -10 0 
-28 -17 0 
-28 -18 0 
-28 -19 0 
-28 -21 0 
-28 -22 0 
-28 -23 0 
-28 -24 0 
-28 -25 0 
-28 -26 0 
-28 -27 0 
-28 -29 0 
-28 -30 0 
-28 -37 0 
-28 -38 0 
-28 -39 0 
-28 -46 0 
-28 -48 0 
-28 -50 0 
-28 -55 0 
-28 -58 0 
-28 -64 0 
-28 -68 0 
-28 -73 0 
-28 -78 0 
-28 -82 0 
-28 -88 0 
-28 -91 0 
-28 -98 0 
-29 -7 0 
-29 -9 0 
-29 -18 0 
-29 -19 0 
-29 -20 0 
-29 -21 0 
-29 -22 0 
-29 -23 0 
-29 -24 0 
-29 -25 0 
-29 -26 0 
-29 -27 0 
-29 -28 0 
-29 -30 0 
-29 -38 0 
-29 -39 0 
-29 -40 0 
-29 -47 0 
-29 -49 0 
-29 -56 0 
-29 -59 0 
-29 -65 0 
-29 -69 0 
-29 -74 0 
-29 -79 0 
-29 -83 0 
-29 -89 0 
-29 -92 0 
-29 -99 0 
-30 -8 0 
-30 -10 0 
-30 -19 0 
-30 -20 0 
-30 -21 0 
-30 -22 0 
-30 -23 0 
-30 -24 0 
-30 -25 0 
-30 -26 0 
-30 -27 0 
-30 -28 0 
-30 -29 0 
-30 -39 0 
-30 -40 0 
-30 -48 0 
-30 -50 0 
-30 -57 0 
-30 -60 0 
-30 -66 0 
-30 -70 0 
-30 -75 0 
-30 -80 0 
-30 -84 0 
-30 -90 0 
-30 -93 0 
-30 -100 0 
-31 -1 0 
-31 -4 0 
-31 -11 0 
-31 -13 0 
-31 -21 0 
-31 -22 0 
-31 -32 0 
-31 -33 0 
-31 -34 0 
-31 -35 0 
-31 -36 0 
-31 -37 0 
-31 -38 0 
-31 -39 0 
-31 -40 0 
-31 -41 0 
-31 -42 0 
-31 -51 0 
-31 -53 0 
-31 -61 0 
-31 -64 0 
-31 -71 0 
-31 -75 0 
-31 -81 0 
-31 -86 0 
-31 -91 0 
-31 -97 0 
-32 -2 0 
-32 -5 0 
-32 -12 0 
-32 -14 0 
-32 -21 0 
-32 -22 0 
-32 -23 0 
-32 -31 0 
-32 -33 0 
-32 -34 0 
-32 -35 0 
-32 -36 0 
-32 -37 0 
-32 -38 0 
-32 -39 0 
-32 -40 0 
-32 -41 0 
-32 -42 0 
-32 -43 0 
-32 -52 0 
-32 -54 0 
-32 -62 0 
-32 -65 0 
-32 -72 0 
-32 -76 0 
-32 -82 0 
-32 -87 0 
-32 -92 0 
-32 -98 0 
-33 -3 0 
-33 -6 0 
-33 -11 0 
-33 -13 0 
-33 -15 0 
-33 -22 0 
-33 -23 0 
-33 -24 0 
-33 -31 0 
-33 -32 0 
-33 -34 0 
-33 -35 0 
-33 -36 0 
-33 -37 0 
-33 -38 0 
-33 -39 0 
-33 -40 0 
-33 -42 0 
-33 -43 0 
-33 -44 0 
-33 -51 0 
-33 -53 0 
-33 -55 0 
-33 -63 0 
-33 -66 0 
-33 -73 0 
-33 -77 0 
-33 -83 0 
-33 -88 0 
-33 -93 0 
-33 -99 0 
-34 -1 0 
-34 -4 0 
-34 -7 0 
-34 -12 0 
-34 -14 0 
-34 -16 0 
-34 -23 0 
-34 -24 0 
-34 -25 0 
-34 -31 0 
-34 -32 0 
-34 -33 0 
-34 -35 0 
-34 -36 0 
-34 -37 0 
-34 -38 0 
-34 -39 0 
-34 -40 0 
-34 -43 0 
-34 -44 0 
-34 -45 0 
-34 -52 0 
-34 -54 0 
-34 -56 0 
-34 -61 0 
-34 -64 0 
-34 -67 0 
-34 -74 0 
-34 -78 0 
-34 -84 0 
-34 -89 0 
-34 -94 0 
-34 -100 0 
-35 -2 0 
-35 -5 0 
-35 -8 0 
-35 -13 0 
-35 -15 0 
-35 -17 0 
-35 -24 0 
-35 -25 0 
-35 -26 0 
-35 -31 0 
-35 -32 0 
-35 -33 0 
-35 -34 0 
-35 -36 0 
-35 -37 0 
-35 -38 0 
-35 -39 0 
-35 -40 0 
-35 -44 0 
-35 -45 0 
-35 -46 0 
-35 -53 0 
-35 -55 0 
-35 -57 0 
-35 -62 0 
-35 -65 0 
-35 -68 0 
-35 -71 0 
-35 -75 0 
-35 -79 0 
-35 -85 0 
-35 -90 0 
-35 -95 0 
-36 -3 0 
-36 -6 0 
-36 -9 0 
-36 -14 0 
-36 -16 0 
-36 -18 0 
-36 -25 0 
-36 -26 0 
-36 -27 0 
-36 -31 0 
-36 -32 0 
-36 -33 0 
-36 -34 0 
-36 -35 0 
-36 -37 0 
-36 -38 0 
-36 -39 0 
-36 -40 0 
-36 -45 0 
-36 -46 0 
-36 -47 0 
-36 -54 0 
-36 -56 0 
-36 -58 0 
-36 -63 0 
-36 -66 0 
-36 -69 0 
-36 -72 0 
-36 -76 0 
-36 -80 0 
-36 -81 0 
-36 -86 0 
-36 -96 0 
-37 -4 0 
-37 -7 0 
-37 -10 0 
-37 -15 0 
-37 -17 0 
-37 -19 0 
-37 -26 0 
-37 -27 0 
-37 -28 0 
-37 -31 0 
-37 -32 0 
-37 -33 0 
-37 -34 0 
-37 -35 0 
-37 -36 0 
-37 -38 0 
-37 -39 0 
-37 -40 0 
-37 -46 0 
-37 -47 0 
-37 -48 0 
-37 -55 0 
-37 -57 0 
-37 -59 0 
-37 -64 0 
-37 -67 0 
-37 -70 0 
-37 -73 0 
-37 -77 0 
-37 -82 0 
-37 -87 0 
-37 -91 0 
-37 -97 0 
-38 -5 0 
-38 -8 0 
-38 -16 0 
-38 -18 0 
-38 -20 0 
-38 -27 0 
-38 -28 0 
-38 -29 0 
-38 -31 0 
-38 -32 0 
-38 -33 0 
-38 -34 0 
-38 -35 0 
-38 -36 0 
-38 -37 0 
-38 -39 0 
-38 -40 0 
-38 -47 0 
-38 -48 0 
-38 -49 0 
-38 -56 0 
-38 -58 0 
-38 -60 0 
-38 -65 0 
-38 -68 0 
-38 -74 0 
-38 -78 0 
-38 -83 0 
-38 -88 0 
-38 -92 0 
-38 -98 0 
-39 -6 0 
-39 -9 0 
-39 -17 0 
-39 -19 0 
-39 -28 0 
-39 -29 0 
-39 -30 0 
-39 -31 0 
-39 -32 0 
-39 -33 0 
-39 -34 0 
-39 -35 0 
-39 -36 0 
-39 -37 0 
-39 -38 0 
-39 -40 0 
-39 -48 0 
-39 -49 0 
-39 -50 0 
-39 -57 0 
-39 -59 0 
-39 -66 0 
-39 -69 0 
-39 -75 0 
-39 -79 0 
-39 -84 0 
-39 -89 0 
-39 -93 0 
-39 -99 0 
-40 -7 0 
-40 -10 0 
-40 -18 0 
-40 -20 0 
-40 -29 0 
-40 -30 0 
-40 -31 0 
-40 -32 0 
-40 -33 0 
-40 -34 0 
-40 -35 0 
-40 -36 0 
-40 -37 0 
-40 -38 0 
-40 -39 0 
-40 -49 0 
-40 -50 0 
-40 -58 0 
-40 -60 0 
-40 -67 0 
-40 -70 0 
-40 -76 0 
-40 -80 0 
-40 -85 0 
-40 -90 0 
-40 -94 0 
-40 -100 0 
-41 -1 0 
-41 -5 0 
-41 -11 0 
-41 -14 0 
-41 -21 0 
-41 -23 0 
-41 -31 0 
-41 -32 0 
-41 -42 0 
-41 -43 0 
-41 -44 0 
-41 -45 0 
-41 -46 0 
-41 -47 0 
-41 -48 0 
-41 -49 0 
-41 -50 0 
-41 -51 0 
-41 -52 0 
-41 -61 0 
-41 -63 0 
-41 -71 0 
-41 -74 0 
-41 -81 0 
-41 -85 0 
-41 -91 0 
-41 -96 0 
-42 -2 0 
-42 -6 0 
-42 -12 0 
-42 -15 0 
-42 -22 0 
-42 -24 0 
-42 -31 0 
-42 -32 0 
-42 -33 0 
-42 -41 0 
-42 -43 0 
-42 -44 0 
-42 -45 0 
-42 -46 0 
-42 -47 0 
-42 -48 0 
-42 -49 0 
-42 -50 0 
-42 -51 0 
-42 -52 0 
-42 -53 0 
-42 -62 0 
-42 -64 0 
-42 -72 0 
-42 -75 0 
-42 -82 0 
-42 -86 0 
-42 -92 0 
-42 -97 0 
-43 -3 0 
-43 -7 0 
-43 -13 0 
-43 -16 0 
-43 -21 0 
-43 -23 0 
-43 -25 0 
-43 -32 0 
-43 -33 0 
-43 -34 0 
-43 -41 0 
-43 -42 0 
-43 -44 0 
-43 -45 0 
-43 -46 0 
-43 -47 0 
-43 -48 0 
-43 -49 0 
-43 -50 0 
-43 -52 0 
-43 -53 0 
-43 -54 0 
-43 -61 0 
-43 -63 0 
-43 -65 0 
-43 -73 0 
-43 -76 0 
-43 -83 0 
-43 -87 0 
-43 -93 0 
-43 -98 0 
-44 -4 0 
-44 -8 0 
-44 -11 0 
-44 -14 0 
-44 -17 0 
-44 -22 0 
-44 -24 0 
-44 -26 0 
-44 -33 0 
-44 -34 0 
-44 -35 0 
-44 -41 0 
-44 -42 0 
-44 -43 0 
-44 -45 0 
-44 -46 0 
-44 -47 0 
-44 -48 0 
-44 -49 0 
-44 -50 0 
-44 -53 0 
-44 -54 0 
-44 -55 0 
-44 -62 0 
-44 -64 0 
-44 -66 0 
-44 -71 0 
-44 -74 0 
-44 -77 0 
-44 -84 0 
-44 -88 0 
-44 -94 0 
-44 -99 0 
-45 -1 0 
-45 -5 0 
-45 -9 0 
-45 -12 0 
-45 -15 0 
-45 -18 0 
-45 -23 0 
-45 -25 0 
-45 -27 0 
-45 -34 0 
-45 -35 0 
-45 -36 0 
-45 -41 0 
-45 -42 0 
-45 -43 0 
-45 -44 0 
-45 -46 0 
-45 -47 0 
-45 -48 0 
-45 -49 0 
-45 -50 0 
-45 -54 0 
-45 -55 0 
-45 -56 0 
-45 -63 0 
-45 -65 0 
-45 -67 0 
-45 -72 0 
-45 -75 0 
-45 -78 0 
-45 -81 0 
-45 -85 0 
-45 -89 0 
-45 -95 0 
-45 -100 0 
-46 -2 0 
-46 -6 0 
-46 -10 0 
-46 -13 0 
-46 -16 0 
-46 -19 0 
-46 -24 0 
-46 -26 0 
-46 -28 0 
-46 -35 0 
-46 -36 0 
-46 -37 0 
-46 -41 0 
-46 -42 0 
-46 -43 0 
-46 -44 0 
-46 -45 0 
-46 -47 0 
-46 -48 0 
-46 -49 0 
-46 -50 0 
-46 -55 0 
-46 -56 0 
-46 -57 0 
-46 -64 0 
-46 -66 0 
-46 -68 0 
-46 -73 0 
-46 -76 0 
-46 -79 0 
-46 -82 0 
-46 -86 0 
-46 -90 0 
-46 -91 0 
-46 -96 0 
-47 -3 0 
-47 -7 0 
-47 -14 0 
-47 -17 0 
-47 -20 0 
-47 -25 0 
-47 -27 0 
-47 -29 0 
-47 -36 0 
-47 -37 0 
-47 -38 0 
-47 -41 0 
-47 -42 0 
-47 -43 0 
-47 -44 0 
-47 -45 0 
-47 -46 0 
-47 -48 0 
-47 -49 0 
-47 -50 0 
-47 -56 0 
-47 -57 0 
-47 -58 0 
-47 -65 0 
-47 -67 0 
-47 -69 0 
-47 -74 0 
-47 -77 0 
-47 -80 0 
-47 -83 0 
-47 -87 0 
-47 -92 0 
-47 -97 0 
-48 -4 0 
-48 -8 0 
-48 -15 0 
-48 -18 0 
-48 -26 0 
-48 -28 0 
-48 -30 0 
-48 -37 0 
-48 -38 0 
-48 -39 0 
-48 -41 0 
-48 -42 0 
-48 -43 0 
-48 -44 0 
-48 -45 0 
-48 -46 0 
-48 -47 0 
-48 -49 0 
-48 -50 0 
-48 -57 0 
-48 -58 0 
-48 -59 0 
-48 -66 0 
-48 -68 0 
-48 -70 0 
-48 -75 0 
-48 -78 0 
-48 -84 0 
-48 -88 0 
-48 -93 0 
-48 -98 0 
-49 -5 0 
-49 -9 0 
-49 -16 0 
-49 -19 0 
-49 -27 0 
-49 -29 0 
-49 -38 0 
-49 -39 0 
-49 -40 0 
-49 -41 0 
-49 -42 0 
-49 -43 0 
-49 -44 0 
-49 -45 0 
-49 -46 0 
-49 -47 0 
-49 -48 0 
-49 -50 0 
-49 -58 0 
-49 -59 0 
-49 -60 0 
-49 -67 0 
-49 -69 0 
-49 -76 0 
-49 -79 0 
-49 -85 0 
-49 -89 0 
-49 -94 0 
-49 -99 0 
-50 -6 0 
-50 -10 0 
-50 -17 0 
-50 -20 0 
-50 -28 0 
-50 -30 0 
-50 -39 0 
-50 -40 0 
-50 -41 0 
-50 -42 0 
-50 -43 0 
-50 -44 0 
-50 -45 0 
-50 -46 0 
-50 -47 0 
-50 -48 0 
-50 -49 0 
-50 -59 0 
-50 -60 0 
-50 -68 0 
-50 -70 0 
-50 -77 0 
-50 -80 0 
-50 -86 0 
-50 -90 0 
-50 -95 0 
-50 -100 0 
-51 -1 0 
-51 -6 0 
-51 -11 0 
-51 -15 0 
-51 -21 0 
-51 -24 0 
-51 -31 0 
-51 -33 0 
-51 -41 0 
-51 -42 0 
-51 -52 0 
-51 -53 0 
-51 -54 0 
-51 -55 0 
-51 -56 0 
-51 -57 0 
-51 -58 0 
-51 -59 0 
-51 -60 0 
-51 -61 0 
-51 -62 0 
-51 -71 0 
-51 -73 0 
-51 -81 0 
-51 -84 0 
-51 -91 0 
-51 -95 0 
-52 -2 0 
-52 -7 0 
-52 -12 0 
-52 -16 0 
-52 -22 0 
-52 -25 0 
-52 -32 0 
-52 -34 0 
-52 -41 0 
-52 -42 0 
-52 -43 0 
-52 -51 0 
-52 -53 0 
-52 -54 0 
-52 -55 0 
-52 -56 0 
-52 -57 0 
-52 -58 0 
-52 -59 0 
-52 -60 0 
-52 -61 0 
-52 -62 0 
-52 -63 0 
-52 -72 0 
-52 -74 0 
-52 -82 0 
-52 -85 0 
-52 -92 0 
-52 -96 0 
-53 -3 0 
-53 -8 0 
-53 -13 0 
-53 -17 0 
-53 -23 0 
-53 -26 0 
-53 -31 0 
-53 -33 0 
-53 -35 0 
-53 -42 0 
-53 -43 0 
-53 -44 0 
-53 -51 0 
-53 -52 0 
-53 -54 0 
-53 -55 0 
-53 -56 0 
-53 -57 0 
-53 -58 0 
-53 -59 0 
-53 -60 0 
-53 -62 0 
-53 -63 0 
-53 -64 0 
-53 -71 0 
-53 -73 0 
-53 -75 0 
-53 -83 0 
-53 -86 0 
-53 -93 0 
-53 -97 0 
-54 -4 0 
-54 -9 0 
-54 -14 0 
-54 -18 0 
-54 -21 0 
-54 -24 0 
-54 -27 0 
-54 -32 0 
-54 -34 0 
-54 -36 0 
-54 -43 0 
-54 -44 0 
-54 -45 0 
-54 -51 0 
-54 -52 0 
-54 -53 0 
-54 -55 0 
-54 -56 0 
-54 -57 0 
-54 -58 0 
-54 -59 0 
-54 -60 0 
-54 -63 0 
-54 -64 0 
-54 -65 0 
-54 -72 0 
-54 -74 0 
-54 -76 0 
-54 -81 0 
-54 -84 0 
-54 -87 0 
-54 -94 0 
-54 -98 0 
-55 -5 0 
-55 -10 0 
-55 -11 0 
-55 -15 0 
-55 -19 0 
-55 -22 0 
-55 -25 0 
-55 -28 0 
-55 -33 0 
-55 -35 0 
-55 -37 0 
-55 -44 0 
-55 -45 0 
-55 -46 0 
-55 -51 0 
-55 -52 0 
-55 -53 0 
-55 -54 0 
-55 -56 0 
-55 -57 0 
-55 -58 0 
-55 -59 0 
-55 -60 0 
-55 -64 0 
-55 -65 0 
-55 -66 0 
-55 -73 0 
-55 -75 0 
-55 -77 0 
-55 -82 0 
-55 -85 0 
-55 -88 0 
-55 -91 0 
-55 -95 0 
-55 -99 0 
-56 -1 0 
-56 -6 0 
-56 -12 0 
-56 -16 0 
-56 -20 0 
-56 -23 0 
-56 -26 0 
-56 -29 0 
-56 -34 0 
-56 -36 0 
-56 -38 0 
-56 -45 0 
-56 -46 0 
-56 -47 0 
-56 -51 0 
-56 -52 0 
-56 -53 0 
-56 -54 0 
-56 -55 0 
-56 -57 0 
-56 -58 0 
-56 -59 0 
-56 -60 0 
-56 -65 0 
-56 -66 0 
-56 -67 0 
-56 -74 0 
-56 -76 0 
-56 -78 0 
-56 -83 0 
-56 -86 0 
-56 -89 0 
-56 -92 0 
-56 -96 0 
-56 -100 0 
-57 -2 0 
-57 -7 0 
-57 -13 0 
-57 -17 0 
-57 -24 0 
-57 -27 0 
-57 -30 0 
-57 -35 0 
-57 -37 0 
-57 -39 0 
-57 -46 0 
-57 -47 0 
-57 -48 0 
-57 -51 0 
-57 -52 0 
-57 -53 0 
-57 -54 0 
-57 -55 0 
-57 -56 0 
-57 -58 0 
-57 -59 0 
-57 -60 0 
-57 -66 0 
-57 -67 0 
-57 -68 0 
-57 -75 0 
-57 -77 0 
-57 -79 0 
-57 -84 0 
-57 -87 0 
-57 -90 0 
-57 -93 0 
-57 -97 0 
-58 -3 0 
-58 -8 0 
-58 -14 0 
-58 -18 0 
-58 -25 0 
-58 -28 0 
-58 -36 0 
-58 -38 0 
-58 -40 0 
-58 -47 0 
-58 -48 0 
-58 -49 0 
-58 -51 0 
-58 -52 0 
-58 -53 0 
-58 -54 0 
-58 -55 0 
-58 -56 0 
-58 -57 0 
-58 -59 0 
-58 -60 0 
-58 -67 0 
-58 -68 0 
-58 -69 0 
-58 -76 0 
-58 -78 0 
-58 -80 0 
-58 -85 0 
-58 -88 0 
-58 -94 0 
-58 -98 0 
-59 -4 0 
-59 -9 0 
-59 -15 0 
-59 -19 0 
-59 -26 0 
-59 -29 0 
-59 -37 0 
-59 -39 0 
-59 -48 0 
-59 -49 0 
-59 -50 0 
-59 -51 0 
-59 -52 0 
-59 -53 0 
-59 -54 0 
-59 -55 0 
-59 -56 0 
-59 -57 0 
-59 -58 0 
-59 -60 0 
-59 -68 0 
-59 -69 0 
-59 -70 0 
-59 -77 0 
-59 -79 0 
-59 -86 0 
-59 -89 0 
-59 -95 0 
-59 -99 0 
-60 -5 0 
-60 -10 0 
-60 -16 0 
-60 -20 0 
-60 -27 0 
-60 -30 0 
-60 -38 0 
-60 -40 0 
-60 -49 0 
-60 -50 0 
-60 -51 0 
-60 -52 0 
-60 -53 0 
-60 -54 0 
-60 -55 0 
-60 -56 0 
-60 -57 0 
-60 -58 0 
-60 -59 0 
-60 -69 0 
-60 -70 0 
-60 -78 0 
-60 -80 0 
-60 -87 0 
-60 -90 0 
-60 -96 0 
-60 -100 0 
-61 -1 0 
-61 -7 0 
-61 -11 0 
-61 -16 0 
-61 -21 0 
-61 -25 0 
-61 -31 0 
-61 -34 0 
-61 -41 0 
-61 -43 0 
-61 -51 0 
-61 -52 0 
-61 -62 0 
-61 -63 0 
-61 -64 0 
-61 -65 0 
-61 -66 0 
-61 -67 0 
-61 -68 0 
-61 -69 0 
-61 -70 0 
-61 -71 0 
-61 -72 0 
-61 -81 0 
-61 -83 0 
-61 -91 0 
-61 -94 0 
-62 -2 0 
-62 -8 0 
-62 -12 0 
-62 -17 0 
-62 -22 0 
-62 -26 0 
-62 -32 0 
-62 -35 0 
-62 -42 0 
-62 -44 0 
-62 -51 0 
-62 -52 0 
-62 -53 0 
-62 -61 0 
-62 -63 0 
-62 -64 0 
-62 -65 0 
-62 -66 0 
-62 -67 0 
-62 -68 0 
-62 -69 0 
-62 -70 0 
-62 -71 0 
-62 -72 0 
-62 -73 0 
-62 -82 0 
-62 -84 0 
-62 -92 0 
-62 -95 0 
-63 -3 0 
-63 -9 0 
-63 -13 0 
-63 -18 0 
-63 -23 0 
-63 -27 0 
-63 -33 0 
-63 -36 0 
-63 -41 0 
-63 -43 0 
-63 -45 0 
-63 -52 0 
-63 -53 0 
-63 -54 0 
-63 -61 0 
-63 -62 0 
-63 -64 0 
-63 -65 0 
-63 -66 0 
-63 -67 0 
-63 -68 0 
-63 -69 0 
-63 -70 0 
-63 -72 0 
-63 -73 0 
-63 -74 0 
-63 -81 0 
-63 -83 0 
-63 -85 0 
-63 -93 0 
-63 -96 0 
-64 -4 0 
-64 -10 0 
-64 -14 0 
-64 -19 0 
-64 -24 0 
-64 -28 0 
-64 -31 0 
-64 -34 0 
-64 -37 0 
-64 -42 0 
-64 -44 0 
-64 -46 0 
-64 -53 0 
-64 -54 0 
-64 -55 0 
-64 -61 0 
-64 -62 0 
-64 -63 0 
-64 -65 0 
-64 -66 0 
-64 -67 0 
-64 -68 0 
-64 -69 0 
-64 -70 0 
-64 -73 0 
-64 -74 0 
-64 -75 0 
-64 -82 0 
-64 -84 0 
-64 -86 0 
-64 -91 0 
-64 -94 0 
-64 -97 0 
-65 -5 0 
-65 -15 0 
-65 -20 0 
-65 -21 0 
-65 -25 0 
-65 -29 0 
-65 -32 0 
-65 -35 0 
-65 -38 0 
-65 -43 0 
-65 -45 0 
-65 -47 0 
-65 -54 0 
-65 -55 0 
-65 -56 0 
-65 -61 0 
-65 -62 0 
-65 -63 0 
-65 -64 0 
-65 -66 0 
-65 -67 0 
-65 -68 0 
-65 -69 0 
-65 -70 0 
-65 -74 0 
-65 -75 0 
-65 -76 0 
-65 -83 0 
-65 -85 0 
-65 -87 0 
-65 -92 0 
-65 -95 0 
-65 -98 0 
-66 -6 0 
-66 -11 0 
-66 -16 0 
-66 -22 0 
-66 -26 0 
-66 -30 0 
-66 -33 0 
-66 -36 0 
-66 -39 0 
-66 -44 0 
-66 -46 0 
-66 -48 0 
-66 -55 0 
-66 -56 0 
-66 -57 0 
-66 -61 0 
-66 -62 0 
-66 -63 0 
-66 -64 0 
-66 -65 0 
-66 -67 0 
-66 -68 0 
-66 -69 0 
-66 -70 0 
-66 -75 0 
-66 -76 0 
-66 -77 0 
-66 -84 0 
-66 -86 0 
-66 -88 0 
-66 -93 0 
-66 -96 0 
-66 -99 0 
-67 -1 0 
-67 -7 0 
-67 -12 0 
-67 -17 0 
-67 -23 0 
-67 -27 0 
-67 -34 0 
-67 -37 0 
-67 -40 0 
-67 -45 0 
-67 -47 0 
-67 -49 0 
-67 -56 0 
-67 -57 0 
-67 -58 0 
-67 -61 0 
-67 -62 0 
-67 -63 0 
-67 -64 0 
-67 -65 0 
-67 -66 0 
-67 -68 0 
-67 -69 0 
-67 -70 0 
-67 -76 0 
-67 -77 0 
-67 -78 0 
-67 -85 0 
-67 -87 0 
-67 -89 0 
-67 -94 0 
-67 -97 0 
-67 -100 0 
-68 -2 0 
-68 -8 0 
-68 -13 0 
-68 -18 0 
-68 -24 0 
-68 -28 0 
-68 -35 0 
-68 -38 0 
-68 -46 0 
-68 -48 0 
-68 -50 0 
-68 -57 0 
-68 -58 0 
-68 -59 0 
-68 -61 0 
-68 -62 0 
-68 -63 0 
-68 -64 0 
-68 -65 0 
-68 -66 0 
-68 -67 0 
-68 -69 0 
-68 -70 0 
-68 -77 0 
-68 -78 0 
-68 -79 0 
-68 -86 0 
-68 -88 0 
-68 -90 0 
-68 -95 0 
-68 -98 0 
-69 -3 0 
-69 -9 0 
-69 -14 0 
-69 -19 0 
-69 -25 0 
-69 -29 0 
-69 -36 0 
-69 -39 0 
-69 -47 0 
-69 -49 0 
-69 -58 0 
-69 -59 0 
-69 -60 0 
-69 -61 0 
-69 -62 0 
-69 -63 0 
-69 -64 0 
-69 -65 0 
-69 -66 0 
-69 -67 0 
-69 -68 0 
-69 -70 0 
-69 -78 0 
-69 -79 0 
-69 -80 0 
-69 -87 0 
-69 -89 0 
-69 -96 0 
-69 -99 0 
-70 -4 0 
-70 -10 0 
-70 -15 0 
-70 -20 0 
-70 -26 0 
-70 -30 0 
-70 -37 0 
-70 -40 0 
-70 -48 0 
-70 -50 0 
-70 -59 0 
-70 -60 0 
-70 -61 0 
-70 -62 0 
-70 -63 0 
-70 -64 0 
-70 -65 0 
-70 -66 0 
-70 -67 0 
-70 -68 0 
-70 -69 0 
-70 -79 0 
-70 -80 0 
-70 -88 0 
-70 -90 0 
-70 -97 0 
-70 -100 0 
-71 -1 0 
-71 -8 0 
-71 -11 0 
-71 -17 0 
-71 -21 0 
-71 -26 0 
-71 -31 0 
-71 -35 0 
-71 -41 0 
-71 -44 0 
-71 -51 0 
-71 -53 0 
-71 -61 0 
-71 -62 0 
-71 -72 0 
-71 -73 0 
-71 -74 0 
-71 -75 0 
-71 -76 0 
-71 -77 0 
-71 -78 0 
-71 -79 0 
-71 -80 0 
-71 -81 0 
-71 -82 0 
-71 -91 0 
-71 -93 0 
-72 -2 0 
-72 -9 0 
-72 -12 0 
-72 -18 0 
-72 -22 0 
-72 -27 0 
-72 -32 0 
-72 -36 0 
-72 -42 0 
-72 -45 0 
-72 -52 0 
-72 -54 0 
-72 -61 0 
-72 -62 0 
-72 -63 0 
-72 -71 0 
-72 -73 0 
-72 -74 0 
-72 -75 0 
-72 -76 0 
-72 -77 0 
-72 -78 0 
-72 -79 0 
-72 -80 0 
-72 -81 0 
-72 -82 0 
-72 -83 0 
-72 -92 0 
-72 -94 0 
-73 -3 0 
-73 -10 0 
-73 -13 0 
-73 -19 0 
-73 -23 0 
-73 -28 0 
-73 -33 0 
-73 -37 0 
-73 -43 0 
-73 -46 0 
-73 -51 0 
-73 -53 0 
-73 -55 0 
-73 -62 0 
-73 -63 0 
-73 -64 0 
-73 -71 0 
-73 -72 0 
-73 -74 0 
-73 -75 0 
-73 -76 0 
-73 -77 0 
-73 -78 0 
-73 -79 0 
-73 -80 0 
-73 -82 0 
-73 -83 0 
-73 -84 0 
-73 -91 0 
-73 -93 0 
-73 -95 0 
-74 -4 0 
-74 -14 0 
-74 -20 0 
-74 -24 0 
-74 -29 0 
-74 -34 0 
-74 -38 0 
-74 -41 0 
-74 -44 0 
-74 -47 0 
-74 -52 0 
-74 -54 0 
-74 -56 0 
-74 -63 0 
-74 -64 0 
-74 -65 0 
-74 -71 0 
-74 -72 0 
-74 -73 0 
-74 -75 0 
-74 -76 0 
-74 -77 0 
-74 -78 0 
-74 -79 0 
-74 -80 0 
-74 -83 0 
-74 -84 0 
-74 -85 0 
-74 -92 0 
-74 -94 0 
-74 -96 0 
-75 -5 0 
-75 -15 0 
-75 -25 0 
-75 -30 0 
-75 -31 0 
-75 -35 0 
-75 -39 0 
-75 -42 0 
-75 -45 0 
-75 -48 0 
-75 -53 0 
-75 -55 0 
-75 -57 0 
-75 -64 0 
-75 -65 0 
-75 -66 0 
-75 -71 0 
-75 -72 0 
-75 -73 0 
-75 -74 0 
-75 -76 0 
-75 -77 0 
-75 -78 0 
-75 -79 0 
-75 -80 0 
-75 -84 0 
-75 -85 0 
-75 -86 0 
-75 -93 0 
-75 -95 0 
-75 -97 0 
-76 -6 0 
-76 -16 0 
-76 -21 0 
-76 -26 0 
-76 -32 0 
-76 -36 0 
-76 -40 0 
-76 -43 0 
-76 -46 0 
-76 -49 0 
-76 -54 0 
-76 -56 0 
-76 -58 0 
-76 -65 0 
-76 -66 0 
-76 -67 0 
-76 -71 0 
-76 -72 0 
-76 -73 0 
-76 -74 0 
-76 -75 0 
-76 -77 0 
-76 -78 0 
-76 -79 0 
-76 -80 0 
-76 -85 0 
-76 -86 0 
-76 -87 0 
-76 -94 0 
-76 -96 0 
-76 -98 0 
-77 -7 0 
-77 -11 0 
-77 -17 0 
-77 -22 0 
-77 -27 0 
-77 -33 0 
-77 -37 0 
-77 -44 0 
-77 -47 0 
-77 -50 0 
-77 -55 0 
-77 -57 0 
-77 -59 0 
-77 -66 0 
-77 -67 0 
-77 -68 0 
-77 -71 0 
-77 -72 0 
-77 -73 0 
-77 -74 0 
-77 -75 0 
-77 -76 0 
-77 -78 0 
-77 -79 0 
-77 -80 0 
-77 -86 0 
-77 -87 0 
-77 -88 0 
-77 -95 0 
-77 -97 0 
-77 -99 0 
-78 -1 0 
-78 -8 0 
-78 -12 0 
-78 -18 0 
-78 -23 0 
-78 -28 0 
-78 -34 0 
-78 -38 0 
-78 -45 0 
-78 -48 0 
-78 -56 0 
-78 -58 0 
-78 -60 0 
-78 -67 0 
-78 -68 0 
-78 -69 0 
-78 -71 0 
-78 -72 0 
-78 -73 0 
-78 -74 0 
-78 -75 0 
-78 -76 0 
-78 -77 0 
-78 -79 0 
-78 -80 0 
-78 -87 0 
-78 -88 0 
-78 -89 0 
-78 -96 0 
-78 -98 0 
-78 -100 0 
-79 -2 0 
-79 -9 0 
-79 -13 0 
-79 -19 0 
-79 -24 0 
-79 -29 0 
-79 -35 0 
-79 -39 0 
-79 -46 0 
-79 -49 0 
-79 -57 0 
-79 -59 0 
-79 -68 0 
-79 -69 0 
-79 -70 0 
-79 -71 0 
-79 -72 0 
-79 -73 0 
-79 -74 0 
-79 -75 0 
-79 -76 0 
-79 -77 0 
-79 -78 0 
-79 -80 0 
-79 -88 0 
-79 -89 0 
-79 -90 0 
-79 -97 0 
-79 -99 0 
-80 -3 0 
-80 -10 0 
-80 -14 0 
-80 -20 0 
-80 -25 0 
-80 -30 0 
-80 -36 0 
-80 -40 0 
-80 -47 0 
-80 -50 0 
-80 -58 0 
-80 -60 0 
-80 -69 0 
-80 -70 0 
-80 -71 0 
-80 -72 0 
-80 -73 0 
-80 -74 0 
-80 -75 0 
-80 -76 0 
-80 -77 0 
-80 -78 0 
-80 -79 0 
-80 -89 0 
-80 -90 0 
-80 -98 0 
-80 -100 0 
-81 -1 0 
-81 -9 0 
-81 -11 0 
-81 -18 0 
-81 -21 0 
-81 -27 0 
-81 -31 0 
-81 -36 0 
-81 -41 0 
-81 -45 0 
-81 -51 0 
-81 -54 0 
-81 -61 0 
-81 -63 0 
-81 -71 0 
-81 -72 0 
-81 -82 0 
-81 -83 0 
-81 -84 0 
-81 -85 0 
-81 -86 0 
-81 -87 0 
-81 -88 0 
-81 -89 0 
-81 -90 0 
-81 -91 0 
-81 -92 0 
-82 -2 0 
-82 -10 0 
-82 -12 0 
-82 -19 0 
-82 -22 0 
-82 -28 0 
-82 -32 0 
-82 -37 0 
-82 -42 0 
-82 -46 0 
-82 -52 0 
-82 -55 0 
-82 -62 0 
-82 -64 0 
-82 -71 0 
-82 -72 0 
-82 -73 0 
-82 -81 0 
-82 -83 0 
-82 -84 0 
-82 -85 0 
-82 -86 0 
-82 -87 0 
-82 -88 0 
-82 -89 0 
-82 -90 0 
-82 -91 0 
-82 -92 0 
-82 -93 0 
-83 -3 0 
-83 -13 0 
-83 -20 0 
-83 -23 0 
-83 -29 0 
-83 -33 0 
-83 -38 0 
-83 -43 0 
-83 -47 0 
-83 -53 0 
-83 -56 0 
-83 -61 0 
-83 -63 0 
-83 -65 0 
-83 -72 0 
-83 -73 0 
-83 -74 0 
-83 -81 0 
-83 -82 0 
-83 -84 0 
-83 -85 0 
-83 -86 0 
-83 -87 0 
-83 -88 0 
-83 -89 0 
-83 -90 0 
-83 -92 0 
-83 -93 0 
-83 -94 0 
-84 -4 0 
-84 -14 0 
-84 -24 0 
-84 -30 0 
-84 -34 0 
-84 -39 0 
-84 -44 0 
-84 -48 0 
-84 -51 0 
-84 -54 0 
-84 -57 0 
-84 -62 0 
-84 -64 0 
-84 -66 0 
-84 -73 0 
-84 -74 0 
-84 -75 0 
-84 -81 0 
-84 -82 0 
-84 -83 0 
-84 -85 0 
-84 -86 0 
-84 -87 0 
-84 -88 0 
-84 -89 0 
-84 -90 0 
-84 -93 0 
-84 -94 0 
-84 -95 0 
-85 -5 0 
-85 -15 0 
-85 -25 0 
-85 -35 0 
-85 -40 0 
-85 -41 0 
-85 -45 0 
-85 -49 0 
-85 -52 0 
-85 -55 0 
-85 -58 0 
-85 -63 0 
-85 -65 0 
-85 -67 0 
-85 -74 0 
-85 -75 0 
-85 -76 0 
-85 -81 0 
-85 -82 0 
-85 -83 0 
-85 -84 0 
-85 -86 0 
-85 -87 0 
-85 -88 0 
-85 -89 0 
-85 -90 0 
-85 -94 0 
-85 -95 0 
-85 -96 0 
-86 -6 0 
-86 -16 0 
-86 -26 0 
-86 -31 0 
-86 -36 0 
-86 -42 0 
-86 -46 0 
-86 -50 0 
-86 -53 0 
-86 -56 0 
-86 -59 0 
-86 -64 0 
-86 -66 0 
-86 -68 0 
-86 -75 0 
-86 -76 0 
-86 -77 0 
-86 -81 0 
-86 -82 0 
-86 -83 0 
-86 -84 0 
-86 -85 0 
-86 -87 0 
-86 -88 0 
-86 -89 0 
-86 -90 0 
-86 -95 0 
-86 -96 0 
-86 -97 0 
-87 -7 0 
-87 -17 0 
-87 -21 0 
-87 -27 0 
-87 -32 0 
-87 -37 0 
-87 -43 0 
-87 -47 0 
-87 -54 0 
-87 -57 0 
-87 -60 0 
-87 -65 0 
-87 -67 0 
-87 -69 0 
-87 -76 0 
-87 -77 0 
-87 -78 0 
-87 -81 0 
-87 -82 0 
-87 -83 0 
-87 -84 0 
-87 -85 0 
-87 -86 0 
-87 -88 0 
-87 -89 0 
-87 -90 0 
-87 -96 0 
-87 -97 0 
-87 -98 0 
-88 -8 0 
-88 -11 0 
-88 -18 0 
-88 -22 0 
-88 -28 0 
-88 -33 0 
-88 -38 0 
-88 -44 0 
-88 -48 0 
-88 -55 0 
-88 -58 0 
-88 -66 0 
-88 -68 0 
-88 -70 0 
-88 -77 0 
-88 -78 0 
-88 -79 0 
-88 -81 0 
-88 -82 0 
-88 -83 0 
-88 -84 0 
-88 -85 0 
-88 -86 0 
-88 -87 0 
-88 -89 0 
-88 -90 0 
-88 -97 0 
-88 -98 0 
-88 -99 0 
-89 -1 0 
-89 -9 0 
-89 -12 0 
-89 -19 0 
-89 -23 0 
-89 -29 0 
-89 -34 0 
-89 -39 0 
-89 -45 0 
-89 -49 0 
-89 -56 0 
-89 -59 0 
-89 -67 0 
-89 -69 0 
-89 -78 0 
-89 -79 0 
-89 -80 0 
-89 -81 0 
-89 -82 0 
-89 -83 0 
-89 -84 0 
-89 -85 0 
-89 -86 0 
-89 -87 0 
-89 -88 0 
-89 -90 0 
-89 -98 0 
-89 -99 0 
-89 -100 0 
-90 -2 0 
-90 -10 0 
-90 -13 0 
-90 -20 0 
-90 -24 0 
-90 -30 0 
-90 -35 0 
-90 -40 0 
-90 -46 0 
-90 -50 0 
-90 -57 0 
-90 -60 0 
-90 -68 0 
-90 -70 0 
-90 -79 0 
-90 -80 0 
-90 -81 0 
-90 -82 0 
-90 -83 0 
-90 -84 0 
-90 -85 0 
-90 -86 0 
-90 -87 0 
-90 -88 0 
-90 -89 0 
-90 -99 0 
-90 -100 0 
-91 -1 0 
-91 -10 0 
-91 -11 0 
-91 -19 0 
-91 -21 0 
-91 -28 0 
-91 -31 0 
-91 -37 0 
-91 -41 0 
-91 -46 0 
-91 -51 0 
-91 -55 0 
-91 -61 0 
-91 -64 0 
-91 -71 0 
-91 -73 0 
-91 -81 0 
-91 -82 0 
-91 -92 0 
-91 -93 0 
-91 -94 0 
-91 -95 0 
-91 -96 0 
-91 -97 0 
-91 -98 0 
-91 -99 0 
-91 -100 0 
-92 -2 0 
-92 -12 0 
-92 -20 0 
-92 -22 0 
-92 -29 0 
-92 -32 0 
-92 -38 0 
-92 -42 0 
-92 -47 0 
-92 -52 0 
-92 -56 0 
-92 -62 0 
-92 -65 0 
-92 -72 0 
-92 -74 0 
-92 -81 0 
-92 -82 0 
-92 -83 0 
-92 -91 0 
-92 -93 0 
-92 -94 0 
-92 -95 0 
-92 -96 0 
-92 -97 0 
-92 -98 0 
-92 -99 0 
-92 -100 0 
-93 -3 0 
-93 -13 0 
-93 -23 0 
-93 -30 0 
-93 -33 0 
-93 -39 0 
-93 -43 0 
-93 -48 0 
-93 -53 0 
-93 -57 0 
-93 -63 0 
-93 -66 0 
-93 -71 0 
-93 -73 0 
-93 -75 0 
-93 -82 0 
-93 -83 0 
-93 -84 0 
-93 -91 0 
-93 -92 0 
-93 -94 0 
-93 -95 0 
-93 -96 0 
-93 -97 0 
-93 -98 0 
-93 -99 0 
-93 -100 0 
-94 -4 0 
-94 -14 0 
-94 -24 0 
-94 -34 0 
-94 -40 0 
-94 -44 0 
-94 -49 0 
-94 -54 0 
-94 -58 0 
-94 -61 0 
-94 -64 0 
-94 -67 0 
-94 -72 0 
-94 -74 0 
-94 -76 0 
-94 -83 0 
-94 -84 0 
-94 -85 0 
-94 -91 0 
-94 -92 0 
-94 -93 0 
-94 -95 0 
-94 -96 0 
-94 -97 0 
-94 -98 0 
-94 -99 0 
-94 -100 0 
-95 -5 0 
-95 -15 0 
-95 -25 0 
-95 -35 0 
-95 -45 0 
-95 -50 0 
-95 -51 0 
-95 -55 0 
-95 -59 0 
-95 -62 0 
-95 -65 0 
-95 -68 0 
-95 -73 0 
-95 -75 0 
-95 -77 0 
-95 -84 0 
-95 -85 0 
-95 -86 0 
-95 -91 0 
-95 -92 0 
-95 -93 0 
-95 -94 0 
-95 -96 0 
-95 -97 0 
-95 -98 0 
-95 -99 0 
-95 -100 0 
-96 -6 0 
-96 -16 0 
-96 -26 0 
-96 -36 0 
-96 -41 0 
-96 -46 0 
-96 -52 0 
-96 -56 0 
-96 -60 0 
-96 -63 0 
-96 -66 0 
-96 -69 0 
-96 -74 0 
-96 -76 0 
-96 -78 0 
-96 -85 0 
-96 -86 0 
-96 -87 0 
-96 -91 0 
-96 -92 0 
-96 -93 0 
-96 -94 0 
-96 -95 0 
-96 -97 0 
-96 -98 0 
-96 -99 0 
-96 -100 0 
-97 -7 0 
-97 -17 0 
-97 -27 0 
-97 -31 0 
-97 -37 0 
-97 -42 0 
-97 -47 0 
-97 -53 0 
-97 -57 0 
-97 -64 0 
-97 -67 0 
-97 -70 0 
-97 -75 0 
-97 -77 0 
-97 -79 0 
-97 -86 0 
-97 -87 0 
-97 -88 0 
-97 -91 0 
-97 -92 0 
-97 -93 0 
-97 -94 0 
-97 -95 0 
-97 -96 0 
-97 -98 0 
-97 -99 0 
-97 -100 0 
-98 -8 0 
-98 -18 0 
-98 -21 0 
-98 -28 0 
-98 -32 0 
-98 -38 0 
-98 -43 0 
-98 -48 0 
-98 -54 0 
-98 -58 0 
-98 -65 0 
-98 -68 0 
-98 -76 0 
-98 -78 0 
-98 -80 0 
-98 -87 0 
-98 -88 0 
-98 -89 0 
-98 -91 0 
-98 -92 0 
-98 -93 0 
-98 -94 0 
-98 -95 0 
-98 -96 0 
-98 -97 0 
-98 -99 0 
-98 -100 0 
-99 -9 0 
-99 -11 0 
-99 -19 0 
-99 -22 0 
-99 -29 0 
-99 -33 0 
-99 -39 0 
-99 -44 0 
-99 -49 0 
-99 -55 0 
-99 -59 0 
-99 -66 0 
-99 -69 0 
-99 -77 0 
-99 -79 0 
-99 -88 0 
-99 -89 0 
-99 -90 0 
-99 -91 0 
-99 -92 0 
-99 -93 0 
-99 -94 0 
-99 -95 0 
-99 -96 0 
-99 -97 0 
-99 -98 0 
-99 -100 0 
-100 -1 0 
-100 -10 0 
-100 -12 0 
-100 -20 0 
-100 -23 0 
-100 -30 0 
-100 -34 0 
-100 -40 0 
-100 -45 0 
-100 -50 0 
-100 -56 0 
-100 -60 0 
-100 -67 0 
-100 -70 0 
-100 -78 0 
-100 -80 0 
-100 -89 0 
-100 -90 0 
-100 -91 0 
-100 -92 0 
-100 -93 0 
-100 -94 0 
-100 -95 0 
-100 -96 0 
-100 -97 0 
-100 -98 0 
-100 -99 0 
