p cnf 121 3971 
1 2 3 4 5 6 7 8 9 10 11 0 
12 13 14 15 16 17 18 19 20 21 22 0 
23 24 25 26 27 28 29 30 31 32 33 0 
34 35 36 37 38 39 40 41 42 43 44 0 
45 46 47 48 49 50 51 52 53 54 55 0 
56 57 58 59 60 61 62 63 64 65 66 0 
67 68 69 70 71 72 73 74 75 76 77 0 
78 79 80 81 82 83 84 85 86 87 88 0 
89 90 91 92 93 94 95 96 97 98 99 0 
100 101 102 103 104 105 106 107 108 109 110 0 
111 112 113 114 115 116 117 118 119 120 121 0 
-1 -2 0 
-1 -3 0 
-1 -4 0 
-1 -5 0 
-1 -6 0 
-1 -7 0 
-1 -8 0 
-1 -9 0 
-1 -10 0 
-1 -11 0 
-1 -12 0 
-1 -13 0 
-1 -23 0 
-1 -25 0 
-1 -34 0 
-1 -37 0 
-1 -45 0 
-1 -49 0 
-1 -56 0 
-1 -61 0 
-1 -67 0 
-1 -73 0 
-1 -78 0 
-1 -85 0 
-1 -89 0 
-1 -97 0 
-1 -100 0 
-1 -109 0 
-1 -111 0 
-1 -121 0 
-2 -1 0 
-2 -3 0 
-2 -4 0 
-2 -5 0 
-2 -6 0 
-2 -7 0 
-2 -8 0 
-2 -9 0 
-2 -10 0 
-2 -11 0 
-2 -12 0 
-2 -13 0 
-2 -14 0 
-2 -24 0 
-2 -26 0 
-2 -35 0 
-2 -38 0 
-2 -46 0 
-2 -50 0 
-2 -57 0 
-2 -62 0 
-2 -68 0 
-2 -74 0 
-2 -79 0 
-2 -86 0 
-2 -90 0 
-2 -98 0 
-2 -101 0 
-2 -110 0 
-2 -112 0 
-3 -1 0 
-3 -2 0 
-3 -4 0 
-3 -5 0 
-3 -6 0 
-3 -7 0 
-3 -8 0 
-3 -9 0 
-3 -10 0 
-3 -11 0 
-3 -13 0 
-3 -14 0 
-3 -15 0 
-3 -23 0 
-3 -25 0 
-3 -27 0 
-3 -36 0 
-3 -39 0 
-3 -47 0 
-3 -51 0 
-3 -58 0 
-3 -63 0 
-3 -69 0 
-3 -75 0 
-3 -80 0 
-3 -87 0 
-3 -91 0 
-3 -99 0 
-3 -102 0 
-3 -113 0 
-4 -1 0 
-4 -2 0 
-4 -3 0 
-4 -5 0 
-4 -6 0 
-4 -7 0 
-4 -8 0 
-4 -9 0 
-4 -10 0 
-4 -11 0 
-4 -14 0 
-4 -15 0 
-4 -16 0 
-4 -24 0 
-4 -26 0 
-4 -28 0 
-4 -34 0 
-4 -37 0 
-4 -40 0 
-4 -48 0 
-4 -52 0 
-4 -59 0 
-4 -64 0 
-4 -70 0 
-4 -76 0 
-4 -81 0 
-4 -88 0 
-4 -92 0 
-4 -103 0 
-4 -114 0 
-5 -1 0 
-5 -2 0 
-5 -3 0 
-5 -4 0 
-5 -6 0 
-5 -7 0 
-5 -8 0 
-5 -9 0 
-5 -10 0 
-5 -11 0 
-5 -15 0 
-5 -16 0 
-5 -17 0 
-5 -25 0 
-5 -27 0 
-5 -29 0 
-5 -35 0 
-5 -38 0 
-5 -41 0 
-5 -45 0 
-5 -49 0 
-5 -53 0 
-5 -60 0 
-5 -65 0 
-5 -71 0 
-5 -77 0 
-5 -82 0 
-5 -93 0 
-5 -104 0 
-5 -115 0 
-6 -1 0 
-6 -2 0 
-6 -3 0 
-6 -4 0 
-6 -5 0 
-6 -7 0 
-6 -8 0 
-6 -9 0 
-6 -10 0 
-6 -11 0 
-6 -16 0 
-6 -17 0 
-6 -18 0 
-6 -26 0 
-6 -28 0 
-6 -30 0 
-6 -36 0 
-6 -39 0 
-6 -42 0 
-6 -46 0 
-6 -50 0 
-6 -54 0 
-6 -56 0 
-6 -61 0 
-6 -66 0 
-6 -72 0 
-6 -83 0 
-6 -94 0 
-6 -105 0 
-6 -116 0 
-7 -1 0 
-7 -2 0 
-7 -3 0 
-7 -4 0 
-7 -5 0 
-7 -6 0 
-7 -8 0 
-7 -9 0 
-7 -10 0 
-7 -11 0 
-7 -17 0 
-7 -18 0 
-7 -19 0 
-7 -27 0 
-7 -29 0 
-7 -31 0 
-7 -37 0 
-7 -40 0 
-7 -43 0 
-7 -47 0 
-7 -51 0 
-7 -55 0 
-7 -57 0 
-7 -62 0 
-7 -67 0 
-7 -73 0 
-7 -84 0 
-7 -95 0 
-7 -106 0 
-7 -117 0 
-8 -1 0 
-8 -2 0 
-8 -3 0 
-8 -4 0 
-8 -5 0 
-8 -6 0 
-8 -7 0 
-8 -9 0 
-8 -10 0 
-8 -11 0 
-8 -18 0 
-8 -19 0 
-8 -20 0 
-8 -28 0 
-8 -30 0 
-8 -32 0 
-8 -38 0 
-8 -41 0 
-8 -44 0 
-8 -48 0 
-8 -52 0 
-8 -58 0 
-8 -63 0 
-8 -68 0 
-8 -74 0 
-8 -78 0 
-8 -85 0 
-8 -96 0 
-8 -107 0 
-8 -118 0 
-9 -1 0 
-9 -2 0 
-9 -3 0 
-9 -4 0 
-9 -5 0 
-9 -6 0 
-9 -7 0 
-9 -8 0 
-9 -10 0 
-9 -11 0 
-9 -19 0 
-9 -20 0 
-9 -21 0 
-9 -29 0 
-9 -31 0 
-9 -33 0 
-9 -39 0 
-9 -42 0 
-9 -49 0 
-9 -53 0 
-9 -59 0 
-9 -64 0 
-9 -69 0 
-9 -75 0 
-9 -79 0 
-9 -86 0 
-9 -89 0 
-9 -97 0 
-9 -108 0 
-9 -119 0 
-10 -1 0 
-10 -2 0 
-10 -3 0 
-10 -4 0 
-10 -5 0 
-10 -6 0 
-10 -7 0 
-10 -8 0 
-10 -9 0 
-10 -11 0 
-10 -20 0 
-10 -21 0 
-10 -22 0 
-10 -30 0 
-10 -32 0 
-10 -40 0 
-10 -43 0 
-10 -50 0 
-10 -54 0 
-10 -60 0 
-10 -65 0 
-10 -70 0 
-10 -76 0 
-10 -80 0 
-10 -87 0 
-10 -90 0 
-10 -98 0 
-10 -100 0 
-10 -109 0 
-10 -120 0 
-11 -1 0 
-11 -2 0 
-11 -3 0 
-11 -4 0 
-11 -5 0 
-11 -6 0 
-11 -7 0 
-11 -8 0 
-11 -9 0 
-11 -10 0 
-11 -21 0 
-11 -22 0 
-11 -31 0 
-11 -33 0 
-11 -41 0 
-11 -44 0 
-11 -51 0 
-11 -55 0 
-11 -61 0 
-11 -66 0 
-11 -71 0 
-11 -77 0 
-11 -81 0 
-11 -88 0 
-11 -91 0 
-11 -99 0 
-11 -101 0 
-11 -110 0 
-11 -111 0 
-11 -121 0 
-12 -1 0 
-12 -2 0 
-12 -13 0 
-12 -14 0 
-12 -15 0 
-12 -16 0 
-12 -17 0 
-12 -18 0 
-12 -19 0 
-12 -20 0 
-12 -21 0 
-12 -22 0 
-12 -23 0 
-12 -24 0 
-12 -34 0 
-12 -36 0 
-12 -45 0 
-12 -48 0 
-12 -56 0 
-12 -60 0 
-12 -67 0 
-12 -72 0 
-12 -78 0 
-12 -84 0 
-12 -89 0 
-12 -96 0 
-12 -100 0 
-12 -108 0 
-12 -111 0 
-12 -120 0 
-13 -1 0 
-13 -2 0 
-13 -3 0 
-13 -12 0 
-13 -14 0 
-13 -15 0 
-13 -16 0 
-13 -17 0 
-13 -18 0 
-13 -19 0 
-13 -20 0 
-13 -21 0 
-13 -22 0 
-13 -23 0 
-13 -24 0 
-13 -25 0 
-13 -35 0 
-13 -37 0 
-13 -46 0 
-13 -49 0 
-13 -57 0 
-13 -61 0 
-13 -68 0 
-13 -73 0 
-13 -79 0 
-13 -85 0 
-13 -90 0 
-13 -97 0 
-13 -101 0 
-13 -109 0 
-13 -112 0 
-13 -121 0 
-14 -2 0 
-14 -3 0 
-14 -4 0 
-14 -12 0 
-14 -13 0 
-14 -15 0 
-14 -16 0 
-14 -17 0 
-14 -18 0 
-14 -19 0 
-14 -20 0 
-14 -21 0 
-14 -22 0 
-14 -24 0 
-14 -25 0 
-14 -26 0 
-14 -34 0 
-14 -36 0 
-14 -38 0 
-14 -47 0 
-14 -50 0 
-14 -58 0 
-14 -62 0 
-14 -69 0 
-14 -74 0 
-14 -80 0 
-14 -86 0 
-14 -91 0 
-14 -98 0 
-14 -102 0 
-14 -110 0 
-14 -113 0 
-15 -3 0 
-15 -4 0 
-15 -5 0 
-15 -12 0 
-15 -13 0 
-15 -14 0 
-15 -16 0 
-15 -17 0 
-15 -18 0 
-15 -19 0 
-15 -20 0 
-15 -21 0 
-15 -22 0 
-15 -25 0 
-15 -26 0 
-15 -27 0 
-15 -35 0 
-15 -37 0 
-15 -39 0 
-15 -45 0 
-15 -48 0 
-15 -51 0 
-15 -59 0 
-15 -63 0 
-15 -70 0 
-15 -75 0 
-15 -81 0 
-15 -87 0 
-15 -92 0 
-15 -99 0 
-15 -103 0 
-15 -114 0 
-16 -4 0 
-16 -5 0 
-16 -6 0 
-16 -12 0 
-16 -13 0 
-16 -14 0 
-16 -15 0 
-16 -17 0 
-16 -18 0 
-16 -19 0 
-16 -20 0 
-16 -21 0 
-16 -22 0 
-16 -26 0 
-16 -27 0 
-16 -28 0 
-16 -36 0 
-16 -38 0 
-16 -40 0 
-16 -46 0 
-16 -49 0 
-16 -52 0 
-16 -56 0 
-16 -60 0 
-16 -64 0 
-16 -71 0 
-16 -76 0 
-16 -82 0 
-16 -88 0 
-16 -93 0 
-16 -104 0 
-16 -115 0 
-17 -5 0 
-17 -6 0 
-17 -7 0 
-17 -12 0 
-17 -13 0 
-17 -14 0 
-17 -15 0 
-17 -16 0 
-17 -18 0 
-17 -19 0 
-17 -20 0 
-17 -21 0 
-17 -22 0 
-17 -27 0 
-17 -28 0 
-17 -29 0 
-17 -37 0 
-17 -39 0 
-17 -41 0 
-17 -47 0 
-17 -50 0 
-17 -53 0 
-17 -57 0 
-17 -61 0 
-17 -65 0 
-17 -67 0 
-17 -72 0 
-17 -77 0 
-17 -83 0 
-17 -94 0 
-17 -105 0 
-17 -116 0 
-18 -6 0 
-18 -7 0 
-18 -8 0 
-18 -12 0 
-18 -13 0 
-18 -14 0 
-18 -15 0 
-18 -16 0 
-18 -17 0 
-18 -19 0 
-18 -20 0 
-18 -21 0 
-18 -22 0 
-18 -28 0 
-18 -29 0 
-18 -30 0 
-18 -38 0 
-18 -40 0 
-18 -42 0 
-18 -48 0 
-18 -51 0 
-18 -54 0 
-18 -58 0 
-18 -62 0 
-18 -66 0 
-18 -68 0 
-18 -73 0 
-18 -78 0 
-18 -84 0 
-18 -95 0 
-18 -106 0 
-18 -117 0 
-19 -7 0 
-19 -8 0 
-19 -9 0 
-19 -12 0 
-19 -13 0 
-19 -14 0 
-19 -15 0 
-19 -16 0 
-19 -17 0 
-19 -18 0 
-19 -20 0 
-19 -21 0 
-19 -22 0 
-19 -29 0 
-19 -30 0 
-19 -31 0 
-19 -39 0 
-19 -41 0 
-19 -43 0 
-19 -49 0 
-19 -52 0 
-19 -55 0 
-19 -59 0 
-19 -63 0 
-19 -69 0 
-19 -74 0 
-19 -79 0 
-19 -85 0 
-19 -89 0 
-19 -96 0 
-19 -107 0 
-19 -118 0 
-20 -8 0 
-20 -9 0 
-20 -10 0 
-20 -12 0 
-20 -13 0 
-20 -14 0 
-20 -15 0 
-20 -16 0 
-20 -17 0 
-20 -18 0 
-20 -19 0 
-20 -21 0 
-20 -22 0 
-20 -30 0 
-20 -31 0 
-20 -32 0 
-20 -40 0 
-20 -42 0 
-20 -44 0 
-20 -50 0 
-20 -53 0 
-20 -60 0 
-20 -64 0 
-20 -70 0 
-20 -75 0 
-20 -80 0 
-20 -86 0 
-20 -90 0 
-20 -97 0 
-20 -100 0 
-20 -108 0 
-20 -119 0 
-21 -9 0 
-21 -10 0 
-21 -11 0 
-21 -12 0 
-21 -13 0 
-21 -14 0 
-21 -15 0 
-21 -16 0 
-21 -17 0 
-21 -18 0 
-21 -19 0 
-21 -20 0 
-21 -22 0 
-21 -31 0 
-21 -32 0 
-21 -33 0 
-21 -41 0 
-21 -43 0 
-21 -51 0 
-21 -54 0 
-21 -61 0 
-21 -65 0 
-21 -71 0 
-21 -76 0 
-21 -81 0 
-21 -87 0 
-21 -91 0 
-21 -98 0 
-21 -101 0 
-21 -109 0 
-21 -111 0 
-21 -120 0 
-22 -10 0 
-22 -11 0 
-22 -12 0 
-22 -13 0 
-22 -14 0 
-22 -15 0 
-22 -16 0 
-22 -17 0 
-22 -18 0 
-22 -19 0 
-22 -20 0 
-22 -21 0 
-22 -32 0 
-22 -33 0 
-22 -42 0 
-22 -44 0 
-22 -52 0 
-22 -55 0 
-22 -62 0 
-22 -66 0 
-22 -72 0 
-22 -77 0 
-22 -82 0 
-22 -88 0 
-22 -92 0 
-22 -99 0 
-22 -102 0 
-22 -110 0 
-22 -112 0 
-22 -121 0 
-23 -1 0 
-23 -3 0 
-23 -12 0 
-23 -13 0 
-23 -24 0 
-23 -25 0 
-23 -26 0 
-23 -27 0 
-23 -28 0 
-23 -29 0 
-23 -30 0 
-23 -31 0 
-23 -32 0 
-23 -33 0 
-23 -34 0 
-23 -35 0 
-23 -45 0 
-23 -47 0 
-23 -56 0 
-23 -59 0 
-23 -67 0 
-23 -71 0 
-23 -78 0 
-23 -83 0 
-23 -89 0 
-23 -95 0 
-23 -100 0 
-23 -107 0 
-23 -111 0 
-23 -119 0 
-24 -2 0 
-24 -4 0 
-24 -12 0 
-24 -13 0 
-24 -14 0 
-24 -23 0 
-24 -25 0 
-24 -26 0 
-24 -27 0 
-24 -28 0 
-24 -29 0 
-24 -30 0 
-24 -31 0 
-24 -32 0 
-24 -33 0 
-24 -34 0 
-24 -35 0 
-24 -36 0 
-24 -46 0 
-24 -48 0 
-24 -57 0 
-24 -60 0 
-24 -68 0 
-24 -72 0 
-24 -79 0 
-24 -84 0 
-24 -90 0 
-24 -96 0 
-24 -101 0 
-24 -108 0 
-24 -112 0 
-24 -120 0 
-25 -1 0 
-25 -3 0 
-25 -5 0 
-25 -13 0 
-25 -14 0 
-25 -15 0 
-25 -23 0 
-25 -24 0 
-25 -26 0 
-25 -27 0 
-25 -28 0 
-25 -29 0 
-25 -30 0 
-25 -31 0 
-25 -32 0 
-25 -33 0 
-25 -35 0 
-25 -36 0 
-25 -37 0 
-25 -45 0 
-25 -47 0 
-25 -49 0 
-25 -58 0 
-25 -61 0 
-25 -69 0 
-25 -73 0 
-25 -80 0 
-25 -85 0 
-25 -91 0 
-25 -97 0 
-25 -102 0 
-25 -109 0 
-25 -113 0 
-25 -121 0 
-26 -2 0 
-26 -4 0 
-26 -6 0 
-26 -14 0 
-26 -15 0 
-26 -16 0 
-26 -23 0 
-26 -24 0 
-26 -25 0 
-26 -27 0 
-26 -28 0 
-26 -29 0 
-26 -30 0 
-26 -31 0 
-26 -32 0 
-26 -33 0 
-26 -36 0 
-26 -37 0 
-26 -38 0 
-26 -46 0 
-26 -48 0 
-26 -50 0 
-26 -56 0 
-26 -59 0 
-26 -62 0 
-26 -70 0 
-26 -74 0 
-26 -81 0 
-26 -86 0 
-26 -92 0 
-26 -98 0 
-26 -103 0 
-26 -110 0 
-26 -114 0 
-27 -3 0 
-27 -5 0 
-27 -7 0 
-27 -15 0 
-27 -16 0 
-27 -17 0 
-27 -23 0 
-27 -24 0 
-27 -25 0 
-27 -26 0 
-27 -28 0 
-27 -29 0 
-27 -30 0 
-27 -31 0 
-27 -32 0 
-27 -33 0 
-27 -37 0 
-27 -38 0 
-27 -39 0 
-27 -47 0 
-27 -49 0 
-27 -51 0 
-27 -57 0 
-27 -60 0 
-27 -63 0 
-27 -67 0 
-27 -71 0 
-27 -75 0 
-27 -82 0 
-27 -87 0 
-27 -93 0 
-27 -99 0 
-27 -104 0 
-27 -115 0 
-28 -4 0 
-28 -6 0 
-28 -8 0 
-28 -16 0 
-28 -17 0 
-28 -18 0 
-28 -23 0 
-28 -24 0 
-28 -25 0 
-28 -26 0 
-28 -27 0 
-28 -29 0 
-28 -30 0 
-28 -31 0 
-28 -32 0 
-28 -33 0 
-28 -38 0 
-28 -39 0 
-28 -40 0 
-28 -48 0 
-28 -50 0 
-28 -52 0 
-28 -58 0 
-28 -61 0 
-28 -64 0 
-28 -68 0 
-28 -72 0 
-28 -76 0 
-28 -78 0 
-28 -83 0 
-28 -88 0 
-28 -94 0 
-28 -105 0 
-28 -116 0 
-29 -5 0 
-29 -7 0 
-29 -9 0 
-29 -17 0 
-29 -18 0 
-29 -19 0 
-29 -23 0 
-29 -24 0 
-29 -25 0 
-29 -26 0 
-29 -27 0 
-29 -28 0 
-29 -30 0 
-29 -31 0 
-29 -32 0 
-29 -33 0 
-29 -39 0 
-29 -40 0 
-29 -41 0 
-29 -49 0 
-29 -51 0 
-29 -53 0 
-29 -59 0 
-29 -62 0 
-29 -65 0 
-29 -69 0 
-29 -73 0 
-29 -77 0 
-29 -79 0 
-29 -84 0 
-29 -89 0 
-29 -95 0 
-29 -106 0 
-29 -117 0 
-30 -6 0 
-30 -8 0 
-30 -10 0 
-30 -18 0 
-30 -19 0 
-30 -20 0 
-30 -23 0 
-30 -24 0 
-30 -25 0 
-30 -26 0 
-30 -27 0 
-30 -28 0 
-30 -29 0 
-30 -31 0 
-30 -32 0 
-30 -33 0 
-30 -40 0 
-30 -41 0 
-30 -42 0 
-30 -50 0 
-30 -52 0 
-30 -54 0 
-30 -60 0 
-30 -63 0 
-30 -66 0 
-30 -70 0 
-30 -74 0 
-30 -80 0 
-30 -85 0 
-30 -90 0 
-30 -96 0 
-30 -100 0 
-30 -107 0 
-30 -118 0 
-31 -7 0 
-31 -9 0 
-31 -11 0 
-31 -19 0 
-31 -20 0 
-31 -21 0 
-31 -23 0 
-31 -24 0 
-31 -25 0 
-31 -26 0 
-31 -27 0 
-31 -28 0 
-31 -29 0 
-31 -30 0 
-31 -32 0 
-31 -33 0 
-31 -41 0 
-31 -42 0 
-31 -43 0 
-31 -51 0 
-31 -53 0 
-31 -55 0 
-31 -61 0 
-31 -64 0 
-31 -71 0 
-31 -75 0 
-31 -81 0 
-31 -86 0 
-31 -91 0 
-31 -97 0 
-31 -101 0 
-31 -108 0 
-31 -111 0 
-31 -119 0 
-32 -8 0 
-32 -10 0 
-32 -20 0 
-32 -21 0 
-32 -22 0 
-32 -23 0 
-32 -24 0 
-32 -25 0 
-32 -26 0 
-32 -27 0 
-32 -28 0 
-32 -29 0 
-32 -30 0 
-32 -31 0 
-32 -33 0 
-32 -42 0 
-32 -43 0 
-32 -44 0 
-32 -52 0 
-32 -54 0 
-32 -62 0 
-32 -65 0 
-32 -72 0 
-32 -76 0 
-32 -82 0 
-32 -87 0 
-32 -92 0 
-32 -98 0 
-32 -102 0 
-32 -109 0 
-32 -112 0 
-32 -120 0 
-33 -9 0 
-33 -11 0 
-33 -21 0 
-33 -22 0 
-33 -23 0 
-33 -24 0 
-33 -25 0 
-33 -26 0 
-33 -27 0 
-33 -28 0 
-33 -29 0 
-33 -30 0 
-33 -31 0 
-33 -32 0 
-33 -43 0 
-33 -44 0 
-33 -53 0 
-33 -55 0 
-33 -63 0 
-33 -66 0 
-33 -73 0 
-33 -77 0 
-33 -83 0 
-33 -88 0 
-33 -93 0 
-33 -99 0 
-33 -103 0 
-33 -110 0 
-33 -113 0 
-33 -121 0 
-34 -1 0 
-34 -4 0 
-34 -12 0 
-34 -14 0 
-34 -23 0 
-34 -24 0 
-34 -35 0 
-34 -36 0 
-34 -37 0 
-34 -38 0 
-34 -39 0 
-34 -40 0 
-34 -41 0 
-34 -42 0 
-34 -43 0 
-34 -44 0 
-34 -45 0 
-34 -46 0 
-34 -56 0 
-34 -58 0 
-34 -67 0 
-34 -70 0 
-34 -78 0 
-34 -82 0 
-34 -89 0 
-34 -94 0 
-34 -100 0 
-34 -106 0 
-34 -111 0 
-34 -118 0 
-35 -2 0 
-35 -5 0 
-35 -13 0 
-35 -15 0 
-35 -23 0 
-35 -24 0 
-35 -25 0 
-35 -34 0 
-35 -36 0 
-35 -37 0 
-35 -38 0 
-35 -39 0 
-35 -40 0 
-35 -41 0 
-35 -42 0 
-35 -43 0 
-35 -44 0 
-35 -45 0 
-35 -46 0 
-35 -47 0 
-35 -57 0 
-35 -59 0 
-35 -68 0 
-35 -71 0 
-35 -79 0 
-35 -83 0 
-35 -90 0 
-35 -95 0 
-35 -101 0 
-35 -107 0 
-35 -112 0 
-35 -119 0 
-36 -3 0 
-36 -6 0 
-36 -12 0 
-36 -14 0 
-36 -16 0 
-36 -24 0 
-36 -25 0 
-36 -26 0 
-36 -34 0 
-36 -35 0 
-36 -37 0 
-36 -38 0 
-36 -39 0 
-36 -40 0 
-36 -41 0 
-36 -42 0 
-36 -43 0 
-36 -44 0 
-36 -46 0 
-36 -47 0 
-36 -48 0 
-36 -56 0 
-36 -58 0 
-36 -60 0 
-36 -69 0 
-36 -72 0 
-36 -80 0 
-36 -84 0 
-36 -91 0 
-36 -96 0 
-36 -102 0 
-36 -108 0 
-36 -113 0 
-36 -120 0 
-37 -1 0 
-37 -4 0 
-37 -7 0 
-37 -13 0 
-37 -15 0 
-37 -17 0 
-37 -25 0 
-37 -26 0 
-37 -27 0 
-37 -34 0 
-37 -35 0 
-37 -36 0 
-37 -38 0 
-37 -39 0 
-37 -40 0 
-37 -41 0 
-37 -42 0 
-37 -43 0 
-37 -44 0 
-37 -47 0 
-37 -48 0 
-37 -49 0 
-37 -57 0 
-37 -59 0 
-37 -61 0 
-37 -67 0 
-37 -70 0 
-37 -73 0 
-37 -81 0 
-37 -85 0 
-37 -92 0 
-37 -97 0 
-37 -103 0 
-37 -109 0 
-37 -114 0 
-37 -121 0 
-38 -2 0 
-38 -5 0 
-38 -8 0 
-38 -14 0 
-38 -16 0 
-38 -18 0 
-38 -26 0 
-38 -27 0 
-38 -28 0 
-38 -34 0 
-38 -35 0 
-38 -36 0 
-38 -37 0 
-38 -39 0 
-38 -40 0 
-38 -41 0 
-38 -42 0 
-38 -43 0 
-38 -44 0 
-38 -48 0 
-38 -49 0 
-38 -50 0 
-38 -58 0 
-38 -60 0 
-38 -62 0 
-38 -68 0 
-38 -71 0 
-38 -74 0 
-38 -78 0 
-38 -82 0 
-38 -86 0 
-38 -93 0 
-38 -98 0 
-38 -104 0 
-38 -110 0 
-38 -115 0 
-39 -3 0 
-39 -6 0 
-39 -9 0 
-39 -15 0 
-39 -17 0 
-39 -19 0 
-39 -27 0 
-39 -28 0 
-39 -29 0 
-39 -34 0 
-39 -35 0 
-39 -36 0 
-39 -37 0 
-39 -38 0 
-39 -40 0 
-39 -41 0 
-39 -42 0 
-39 -43 0 
-39 -44 0 
-39 -49 0 
-39 -50 0 
-39 -51 0 
-39 -59 0 
-39 -61 0 
-39 -63 0 
-39 -69 0 
-39 -72 0 
-39 -75 0 
-39 -79 0 
-39 -83 0 
-39 -87 0 
-39 -89 0 
-39 -94 0 
-39 -99 0 
-39 -105 0 
-39 -116 0 
-40 -4 0 
-40 -7 0 
-40 -10 0 
-40 -16 0 
-40 -18 0 
-40 -20 0 
-40 -28 0 
-40 -29 0 
-40 -30 0 
-40 -34 0 
-40 -35 0 
-40 -36 0 
-40 -37 0 
-40 -38 0 
-40 -39 0 
-40 -41 0 
-40 -42 0 
-40 -43 0 
-40 -44 0 
-40 -50 0 
-40 -51 0 
-40 -52 0 
-40 -60 0 
-40 -62 0 
-40 -64 0 
-40 -70 0 
-40 -73 0 
-40 -76 0 
-40 -80 0 
-40 -84 0 
-40 -88 0 
-40 -90 0 
-40 -95 0 
-40 -100 0 
-40 -106 0 
-40 -117 0 
-41 -5 0 
-41 -8 0 
-41 -11 0 
-41 -17 0 
-41 -19 0 
-41 -21 0 
-41 -29 0 
-41 -30 0 
-41 -31 0 
-41 -34 0 
-41 -35 0 
-41 -36 0 
-41 -37 0 
-41 -38 0 
-41 -39 0 
-41 -40 0 
-41 -42 0 
-41 -43 0 
-41 -44 0 
-41 -51 0 
-41 -52 0 
-41 -53 0 
-41 -61 0 
-41 -63 0 
-41 -65 0 
-41 -71 0 
-41 -74 0 
-41 -77 0 
-41 -81 0 
-41 -85 0 
-41 -91 0 
-41 -96 0 
-41 -101 0 
-41 -107 0 
-41 -111 0 
-41 -118 0 
-42 -6 0 
-42 -9 0 
-42 -18 0 
-42 -20 0 
-42 -22 0 
-42 -30 0 
-42 -31 0 
-42 -32 0 
-42 -34 0 
-42 -35 0 
-42 -36 0 
-42 -37 0 
-42 -38 0 
-42 -39 0 
-42 -40 0 
-42 -41 0 
-42 -43 0 
-42 -44 0 
-42 -52 0 
-42 -53 0 
-42 -54 0 
-42 -62 0 
-42 -64 0 
-42 -66 0 
-42 -72 0 
-42 -75 0 
-42 -82 0 
-42 -86 0 
-42 -92 0 
-42 -97 0 
-42 -102 0 
-42 -108 0 
-42 -112 0 
-42 -119 0 
-43 -7 0 
-43 -10 0 
-43 -19 0 
-43 -21 0 
-43 -31 0 
-43 -32 0 
-43 -33 0 
-43 -34 0 
-43 -35 0 
-43 -36 0 
-43 -37 0 
-43 -38 0 
-43 -39 0 
-43 -40 0 
-43 -41 0 
-43 -42 0 
-43 -44 0 
-43 -53 0 
-43 -54 0 
-43 -55 0 
-43 -63 0 
-43 -65 0 
-43 -73 0 
-43 -76 0 
-43 -83 0 
-43 -87 0 
-43 -93 0 
-43 -98 0 
-43 -103 0 
-43 -109 0 
-43 -113 0 
-43 -120 0 
-44 -8 0 
-44 -11 0 
-44 -20 0 
-44 -22 0 
-44 -32 0 
-44 -33 0 
-44 -34 0 
-44 -35 0 
-44 -36 0 
-44 -37 0 
-44 -38 0 
-44 -39 0 
-44 -40 0 
-44 -41 0 
-44 -42 0 
-44 -43 0 
-44 -54 0 
-44 -55 0 
-44 -64 0 
-44 -66 0 
-44 -74 0 
-44 -77 0 
-44 -84 0 
-44 -88 0 
-44 -94 0 
-44 -99 0 
-44 -104 0 
-44 -110 0 
-44 -114 0 
-44 -121 0 
-45 -1 0 
-45 -5 0 
-45 -12 0 
-45 -15 0 
-45 -23 0 
-45 -25 0 
-45 -34 0 
-45 -35 0 
-45 -46 0 
-45 -47 0 
-45 -48 0 
-45 -49 0 
-45 -50 0 
-45 -51 0 
-45 -52 0 
-45 -53 0 
-45 -54 0 
-45 -55 0 
-45 -56 0 
-45 -57 0 
-45 -67 0 
-45 -69 0 
-45 -78 0 
-45 -81 0 
-45 -89 0 
-45 -93 0 
-45 -100 0 
-45 -105 0 
-45 -111 0 
-45 -117 0 
-46 -2 0 
-46 -6 0 
-46 -13 0 
-46 -16 0 
-46 -24 0 
-46 -26 0 
-46 -34 0 
-46 -35 0 
-46 -36 0 
-46 -45 0 
-46 -47 0 
-46 -48 0 
-46 -49 0 
-46 -50 0 
-46 -51 0 
-46 -52 0 
-46 -53 0 
-46 -54 0 
-46 -55 0 
-46 -56 0 
-46 -57 0 
-46 -58 0 
-46 -68 0 
-46 -70 0 
-46 -79 0 
-46 -82 0 
-46 -90 0 
-46 -94 0 
-46 -101 0 
-46 -106 0 
-46 -112 0 
-46 -118 0 
-47 -3 0 
-47 -7 0 
-47 -14 0 
-47 -17 0 
-47 -23 0 
-47 -25 0 
-47 -27 0 
-47 -35 0 
-47 -36 0 
-47 -37 0 
-47 -45 0 
-47 -46 0 
-47 -48 0 
-47 -49 0 
-47 -50 0 
-47 -51 0 
-47 -52 0 
-47 -53 0 
-47 -54 0 
-47 -55 0 
-47 -57 0 
-47 -58 0 
-47 -59 0 
-47 -67 0 
-47 -69 0 
-47 -71 0 
-47 -80 0 
-47 -83 0 
-47 -91 0 
-47 -95 0 
-47 -102 0 
-47 -107 0 
-47 -113 0 
-47 -119 0 
-48 -4 0 
-48 -8 0 
-48 -12 0 
-48 -15 0 
-48 -18 0 
-48 -24 0 
-48 -26 0 
-48 -28 0 
-48 -36 0 
-48 -37 0 
-48 -38 0 
-48 -45 0 
-48 -46 0 
-48 -47 0 
-48 -49 0 
-48 -50 0 
-48 -51 0 
-48 -52 0 
-48 -53 0 
-48 -54 0 
-48 -55 0 
-48 -58 0 
-48 -59 0 
-48 -60 0 
-48 -68 0 
-48 -70 0 
-48 -72 0 
-48 -78 0 
-48 -81 0 
-48 -84 0 
-48 -92 0 
-48 -96 0 
-48 -103 0 
-48 -108 0 
-48 -114 0 
-48 -120 0 
-49 -1 0 
-49 -5 0 
-49 -9 0 
-49 -13 0 
-49 -16 0 
-49 -19 0 
-49 -25 0 
-49 -27 0 
-49 -29 0 
-49 -37 0 
-49 -38 0 
-49 -39 0 
-49 -45 0 
-49 -46 0 
-49 -47 0 
-49 -48 0 
-49 -50 0 
-49 -51 0 
-49 -52 0 
-49 -53 0 
-49 -54 0 
-49 -55 0 
-49 -59 0 
-49 -60 0 
-49 -61 0 
-49 -69 0 
-49 -71 0 
-49 -73 0 
-49 -79 0 
-49 -82 0 
-49 -85 0 
-49 -89 0 
-49 -93 0 
-49 -97 0 
-49 -104 0 
-49 -109 0 
-49 -115 0 
-49 -121 0 
-50 -2 0 
-50 -6 0 
-50 -10 0 
-50 -14 0 
-50 -17 0 
-50 -20 0 
-50 -26 0 
-50 -28 0 
-50 -30 0 
-50 -38 0 
-50 -39 0 
-50 -40 0 
-50 -45 0 
-50 -46 0 
-50 -47 0 
-50 -48 0 
-50 -49 0 
-50 -51 0 
-50 -52 0 
-50 -53 0 
-50 -54 0 
-50 -55 0 
-50 -60 0 
-50 -61 0 
-50 -62 0 
-50 -70 0 
-50 -72 0 
-50 -74 0 
-50 -80 0 
-50 -83 0 
-50 -86 0 
-50 -90 0 
-50 -94 0 
-50 -98 0 
-50 -100 0 
-50 -105 0 
-50 -110 0 
-50 -116 0 
-51 -3 0 
-51 -7 0 
-51 -11 0 
-51 -15 0 
-51 -18 0 
-51 -21 0 
-51 -27 0 
-51 -29 0 
-51 -31 0 
-51 -39 0 
-51 -40 0 
-51 -41 0 
-51 -45 0 
-51 -46 0 
-51 -47 0 
-51 -48 0 
-51 -49 0 
-51 -50 0 
-51 -52 0 
-51 -53 0 
-51 -54 0 
-51 -55 0 
-51 -61 0 
-51 -62 0 
-51 -63 0 
-51 -71 0 
-51 -73 0 
-51 -75 0 
-51 -81 0 
-51 -84 0 
-51 -87 0 
-51 -91 0 
-51 -95 0 
-51 -99 0 
-51 -101 0 
-51 -106 0 
-51 -111 0 
-51 -117 0 
-52 -4 0 
-52 -8 0 
-52 -16 0 
-52 -19 0 
-52 -22 0 
-52 -28 0 
-52 -30 0 
-52 -32 0 
-52 -40 0 
-52 -41 0 
-52 -42 0 
-52 -45 0 
-52 -46 0 
-52 -47 0 
-52 -48 0 
-52 -49 0 
-52 -50 0 
-52 -51 0 
-52 -53 0 
-52 -54 0 
-52 -55 0 
-52 -62 0 
-52 -63 0 
-52 -64 0 
-52 -72 0 
-52 -74 0 
-52 -76 0 
-52 -82 0 
-52 -85 0 
-52 -88 0 
-52 -92 0 
-52 -96 0 
-52 -102 0 
-52 -107 0 
-52 -112 0 
-52 -118 0 
-53 -5 0 
-53 -9 0 
-53 -17 0 
-53 -20 0 
-53 -29 0 
-53 -31 0 
-53 -33 0 
-53 -41 0 
-53 -42 0 
-53 -43 0 
-53 -45 0 
-53 -46 0 
-53 -47 0 
-53 -48 0 
-53 -49 0 
-53 -50 0 
-53 -51 0 
-53 -52 0 
-53 -54 0 
-53 -55 0 
-53 -63 0 
-53 -64 0 
-53 -65 0 
-53 -73 0 
-53 -75 0 
-53 -77 0 
-53 -83 0 
-53 -86 0 
-53 -93 0 
-53 -97 0 
-53 -103 0 
-53 -108 0 
-53 -113 0 
-53 -119 0 
-54 -6 0 
-54 -10 0 
-54 -18 0 
-54 -21 0 
-54 -30 0 
-54 -32 0 
-54 -42 0 
-54 -43 0 
-54 -44 0 
-54 -45 0 
-54 -46 0 
-54 -47 0 
-54 -48 0 
-54 -49 0 
-54 -50 0 
-54 -51 0 
-54 -52 0 
-54 -53 0 
-54 -55 0 
-54 -64 0 
-54 -65 0 
-54 -66 0 
-54 -74 0 
-54 -76 0 
-54 -84 0 
-54 -87 0 
-54 -94 0 
-54 -98 0 
-54 -104 0 
-54 -109 0 
-54 -114 0 
-54 -120 0 
-55 -7 0 
-55 -11 0 
-55 -19 0 
-55 -22 0 
-55 -31 0 
-55 -33 0 
-55 -43 0 
-55 -44 0 
-55 -45 0 
-55 -46 0 
-55 -47 0 
-55 -48 0 
-55 -49 0 
-55 -50 0 
-55 -51 0 
-55 -52 0 
-55 -53 0 
-55 -54 0 
-55 -65 0 
-55 -66 0 
-55 -75 0 
-55 -77 0 
-55 -85 0 
-55 -88 0 
-55 -95 0 
-55 -99 0 
-55 -105 0 
-55 -110 0 
-55 -115 0 
-55 -121 0 
-56 -1 0 
-56 -6 0 
-56 -12 0 
-56 -16 0 
-56 -23 0 
-56 -26 0 
-56 -34 0 
-56 -36 0 
-56 -45 0 
-56 -46 0 
-56 -57 0 
-56 -58 0 
-56 -59 0 
-56 -60 0 
-56 -61 0 
-56 -62 0 
-56 -63 0 
-56 -64 0 
-56 -65 0 
-56 -66 0 
-56 -67 0 
-56 -68 0 
-56 -78 0 
-56 -80 0 
-56 -89 0 
-56 -92 0 
-56 -100 0 
-56 -104 0 
-56 -111 0 
-56 -116 0 
-57 -2 0 
-57 -7 0 
-57 -13 0 
-57 -17 0 
-57 -24 0 
-57 -27 0 
-57 -35 0 
-57 -37 0 
-57 -45 0 
-57 -46 0 
-57 -47 0 
-57 -56 0 
-57 -58 0 
-57 -59 0 
-57 -60 0 
-57 -61 0 
-57 -62 0 
-57 -63 0 
-57 -64 0 
-57 -65 0 
-57 -66 0 
-57 -67 0 
-57 -68 0 
-57 -69 0 
-57 -79 0 
-57 -81 0 
-57 -90 0 
-57 -93 0 
-57 -101 0 
-57 -105 0 
-57 -112 0 
-57 -117 0 
-58 -3 0 
-58 -8 0 
-58 -14 0 
-58 -18 0 
-58 -25 0 
-58 -28 0 
-58 -34 0 
-58 -36 0 
-58 -38 0 
-58 -46 0 
-58 -47 0 
-58 -48 0 
-58 -56 0 
-58 -57 0 
-58 -59 0 
-58 -60 0 
-58 -61 0 
-58 -62 0 
-58 -63 0 
-58 -64 0 
-58 -65 0 
-58 -66 0 
-58 -68 0 
-58 -69 0 
-58 -70 0 
-58 -78 0 
-58 -80 0 
-58 -82 0 
-58 -91 0 
-58 -94 0 
-58 -102 0 
-58 -106 0 
-58 -113 0 
-58 -118 0 
-59 -4 0 
-59 -9 0 
-59 -15 0 
-59 -19 0 
-59 -23 0 
-59 -26 0 
-59 -29 0 
-59 -35 0 
-59 -37 0 
-59 -39 0 
-59 -47 0 
-59 -48 0 
-59 -49 0 
-59 -56 0 
-59 -57 0 
-59 -58 0 
-59 -60 0 
-59 -61 0 
-59 -62 0 
-59 -63 0 
-59 -64 0 
-59 -65 0 
-59 -66 0 
-59 -69 0 
-59 -70 0 
-59 -71 0 
-59 -79 0 
-59 -81 0 
-59 -83 0 
-59 -89 0 
-59 -92 0 
-59 -95 0 
-59 -103 0 
-59 -107 0 
-59 -114 0 
-59 -119 0 
-60 -5 0 
-60 -10 0 
-60 -12 0 
-60 -16 0 
-60 -20 0 
-60 -24 0 
-60 -27 0 
-60 -30 0 
-60 -36 0 
-60 -38 0 
-60 -40 0 
-60 -48 0 
-60 -49 0 
-60 -50 0 
-60 -56 0 
-60 -57 0 
-60 -58 0 
-60 -59 0 
-60 -61 0 
-60 -62 0 
-60 -63 0 
-60 -64 0 
-60 -65 0 
-60 -66 0 
-60 -70 0 
-60 -71 0 
-60 -72 0 
-60 -80 0 
-60 -82 0 
-60 -84 0 
-60 -90 0 
-60 -93 0 
-60 -96 0 
-60 -100 0 
-60 -104 0 
-60 -108 0 
-60 -115 0 
-60 -120 0 
-61 -1 0 
-61 -6 0 
-61 -11 0 
-61 -13 0 
-61 -17 0 
-61 -21 0 
-61 -25 0 
-61 -28 0 
-61 -31 0 
-61 -37 0 
-61 -39 0 
-61 -41 0 
-61 -49 0 
-61 -50 0 
-61 -51 0 
-61 -56 0 
-61 -57 0 
-61 -58 0 
-61 -59 0 
-61 -60 0 
-61 -62 0 
-61 -63 0 
-61 -64 0 
-61 -65 0 
-61 -66 0 
-61 -71 0 
-61 -72 0 
-61 -73 0 
-61 -81 0 
-61 -83 0 
-61 -85 0 
-61 -91 0 
-61 -94 0 
-61 -97 0 
-61 -101 0 
-61 -105 0 
-61 -109 0 
-61 -111 0 
-61 -116 0 
-61 -121 0 
-62 -2 0 
-62 -7 0 
-62 -14 0 
-62 -18 0 
-62 -22 0 
-62 -26 0 
-62 -29 0 
-62 -32 0 
-62 -38 0 
-62 -40 0 
-62 -42 0 
-62 -50 0 
-62 -51 0 
-62 -52 0 
-62 -56 0 
-62 -57 0 
-62 -58 0 
-62 -59 0 
-62 -60 0 
-62 -61 0 
-62 -63 0 
-62 -64 0 
-62 -65 0 
-62 -66 0 
-62 -72 0 
-62 -73 0 
-62 -74 0 
-62 -82 0 
-62 -84 0 
-62 -86 0 
-62 -92 0 
-62 -95 0 
-62 -98 0 
-62 -102 0 
-62 -106 0 
-62 -110 0 
-62 -112 0 
-62 -117 0 
-63 -3 0 
-63 -8 0 
-63 -15 0 
-63 -19 0 
-63 -27 0 
-63 -30 0 
-63 -33 0 
-63 -39 0 
-63 -41 0 
-63 -43 0 
-63 -51 0 
-63 -52 0 
-63 -53 0 
-63 -56 0 
-63 -57 0 
-63 -58 0 
-63 -59 0 
-63 -60 0 
-63 -61 0 
-63 -62 0 
-63 -64 0 
-63 -65 0 
-63 -66 0 
-63 -73 0 
-63 -74 0 
-63 -75 0 
-63 -83 0 
-63 -85 0 
-63 -87 0 
-63 -93 0 
-63 -96 0 
-63 -99 0 
-63 -103 0 
-63 -107 0 
-63 -113 0 
-63 -118 0 
-64 -4 0 
-64 -9 0 
-64 -16 0 
-64 -20 0 
-64 -28 0 
-64 -31 0 
-64 -40 0 
-64 -42 0 
-64 -44 0 
-64 -52 0 
-64 -53 0 
-64 -54 0 
-64 -56 0 
-64 -57 0 
-64 -58 0 
-64 -59 0 
-64 -60 0 
-64 -61 0 
-64 -62 0 
-64 -63 0 
-64 -65 0 
-64 -66 0 
-64 -74 0 
-64 -75 0 
-64 -76 0 
-64 -84 0 
-64 -86 0 
-64 -88 0 
-64 -94 0 
-64 -97 0 
-64 -104 0 
-64 -108 0 
-64 -114 0 
-64 -119 0 
-65 -5 0 
-65 -10 0 
-65 -17 0 
-65 -21 0 
-65 -29 0 
-65 -32 0 
-65 -41 0 
-65 -43 0 
-65 -53 0 
-65 -54 0 
-65 -55 0 
-65 -56 0 
-65 -57 0 
-65 -58 0 
-65 -59 0 
-65 -60 0 
-65 -61 0 
-65 -62 0 
-65 -63 0 
-65 -64 0 
-65 -66 0 
-65 -75 0 
-65 -76 0 
-65 -77 0 
-65 -85 0 
-65 -87 0 
-65 -95 0 
-65 -98 0 
-65 -105 0 
-65 -109 0 
-65 -115 0 
-65 -120 0 
-66 -6 0 
-66 -11 0 
-66 -18 0 
-66 -22 0 
-66 -30 0 
-66 -33 0 
-66 -42 0 
-66 -44 0 
-66 -54 0 
-66 -55 0 
-66 -56 0 
-66 -57 0 
-66 -58 0 
-66 -59 0 
-66 -60 0 
-66 -61 0 
-66 -62 0 
-66 -63 0 
-66 -64 0 
-66 -65 0 
-66 -76 0 
-66 -77 0 
-66 -86 0 
-66 -88 0 
-66 -96 0 
-66 -99 0 
-66 -106 0 
-66 -110 0 
-66 -116 0 
-66 -121 0 
-67 -1 0 
-67 -7 0 
-67 -12 0 
-67 -17 0 
-67 -23 0 
-67 -27 0 
-67 -34 0 
-67 -37 0 
-67 -45 0 
-67 -47 0 
-67 -56 0 
-67 -57 0 
-67 -68 0 
-67 -69 0 
-67 -70 0 
-67 -71 0 
-67 -72 0 
-67 -73 0 
-67 -74 0 
-67 -75 0 
-67 -76 0 
-67 -77 0 
-67 -78 0 
-67 -79 0 
-67 -89 0 
-67 -91 0 
-67 -100 0 
-67 -103 0 
-67 -111 0 
-67 -115 0 
-68 -2 0 
-68 -8 0 
-68 -13 0 
-68 -18 0 
-68 -24 0 
-68 -28 0 
-68 -35 0 
-68 -38 0 
-68 -46 0 
-68 -48 0 
-68 -56 0 
-68 -57 0 
-68 -58 0 
-68 -67 0 
-68 -69 0 
-68 -70 0 
-68 -71 0 
-68 -72 0 
-68 -73 0 
-68 -74 0 
-68 -75 0 
-68 -76 0 
-68 -77 0 
-68 -78 0 
-68 -79 0 
-68 -80 0 
-68 -90 0 
-68 -92 0 
-68 -101 0 
-68 -104 0 
-68 -112 0 
-68 -116 0 
-69 -3 0 
-69 -9 0 
-69 -14 0 
-69 -19 0 
-69 -25 0 
-69 -29 0 
-69 -36 0 
-69 -39 0 
-69 -45 0 
-69 -47 0 
-69 -49 0 
-69 -57 0 
-69 -58 0 
-69 -59 0 
-69 -67 0 
-69 -68 0 
-69 -70 0 
-69 -71 0 
-69 -72 0 
-69 -73 0 
-69 -74 0 
-69 -75 0 
-69 -76 0 
-69 -77 0 
-69 -79 0 
-69 -80 0 
-69 -81 0 
-69 -89 0 
-69 -91 0 
-69 -93 0 
-69 -102 0 
-69 -105 0 
-69 -113 0 
-69 -117 0 
-70 -4 0 
-70 -10 0 
-70 -15 0 
-70 -20 0 
-70 -26 0 
-70 -30 0 
-70 -34 0 
-70 -37 0 
-70 -40 0 
-70 -46 0 
-70 -48 0 
-70 -50 0 
-70 -58 0 
-70 -59 0 
-70 -60 0 
-70 -67 0 
-70 -68 0 
-70 -69 0 
-70 -71 0 
-70 -72 0 
-70 -73 0 
-70 -74 0 
-70 -75 0 
-70 -76 0 
-70 -77 0 
-70 -80 0 
-70 -81 0 
-70 -82 0 
-70 -90 0 
-70 -92 0 
-70 -94 0 
-70 -100 0 
-70 -103 0 
-70 -106 0 
-70 -114 0 
-70 -118 0 
-71 -5 0 
-71 -11 0 
-71 -16 0 
-71 -21 0 
-71 -23 0 
-71 -27 0 
-71 -31 0 
-71 -35 0 
-71 -38 0 
-71 -41 0 
-71 -47 0 
-71 -49 0 
-71 -51 0 
-71 -59 0 
-71 -60 0 
-71 -61 0 
-71 -67 0 
-71 -68 0 
-71 -69 0 
-71 -70 0 
-71 -72 0 
-71 -73 0 
-71 -74 0 
-71 -75 0 
-71 -76 0 
-71 -77 0 
-71 -81 0 
-71 -82 0 
-71 -83 0 
-71 -91 0 
-71 -93 0 
-71 -95 0 
-71 -101 0 
-71 -104 0 
-71 -107 0 
-71 -111 0 
-71 -115 0 
-71 -119 0 
-72 -6 0 
-72 -12 0 
-72 -17 0 
-72 -22 0 
-72 -24 0 
-72 -28 0 
-72 -32 0 
-72 -36 0 
-72 -39 0 
-72 -42 0 
-72 -48 0 
-72 -50 0 
-72 -52 0 
-72 -60 0 
-72 -61 0 
-72 -62 0 
-72 -67 0 
-72 -68 0 
-72 -69 0 
-72 -70 0 
-72 -71 0 
-72 -73 0 
-72 -74 0 
-72 -75 0 
-72 -76 0 
-72 -77 0 
-72 -82 0 
-72 -83 0 
-72 -84 0 
-72 -92 0 
-72 -94 0 
-72 -96 0 
-72 -102 0 
-72 -105 0 
-72 -108 0 
-72 -112 0 
-72 -116 0 
-72 -120 0 
-73 -1 0 
-73 -7 0 
-73 -13 0 
-73 -18 0 
-73 -25 0 
-73 -29 0 
-73 -33 0 
-73 -37 0 
-73 -40 0 
-73 -43 0 
-73 -49 0 
-73 -51 0 
-73 -53 0 
-73 -61 0 
-73 -62 0 
-73 -63 0 
-73 -67 0 
-73 -68 0 
-73 -69 0 
-73 -70 0 
-73 -71 0 
-73 -72 0 
-73 -74 0 
-73 -75 0 
-73 -76 0 
-73 -77 0 
-73 -83 0 
-73 -84 0 
-73 -85 0 
-73 -93 0 
-73 -95 0 
-73 -97 0 
-73 -103 0 
-73 -106 0 
-73 -109 0 
-73 -113 0 
-73 -117 0 
-73 -121 0 
-74 -2 0 
-74 -8 0 
-74 -14 0 
-74 -19 0 
-74 -26 0 
-74 -30 0 
-74 -38 0 
-74 -41 0 
-74 -44 0 
-74 -50 0 
-74 -52 0 
-74 -54 0 
-74 -62 0 
-74 -63 0 
-74 -64 0 
-74 -67 0 
-74 -68 0 
-74 -69 0 
-74 -70 0 
-74 -71 0 
-74 -72 0 
-74 -73 0 
-74 -75 0 
-74 -76 0 
-74 -77 0 
-74 -84 0 
-74 -85 0 
-74 -86 0 
-74 -94 0 
-74 -96 0 
-74 -98 0 
-74 -104 0 
-74 -107 0 
-74 -110 0 
-74 -114 0 
-74 -118 0 
-75 -3 0 
-75 -9 0 
-75 -15 0 
-75 -20 0 
-75 -27 0 
-75 -31 0 
-75 -39 0 
-75 -42 0 
-75 -51 0 
-75 -53 0 
-75 -55 0 
-75 -63 0 
-75 -64 0 
-75 -65 0 
-75 -67 0 
-75 -68 0 
-75 -69 0 
-75 -70 0 
-75 -71 0 
-75 -72 0 
-75 -73 0 
-75 -74 0 
-75 -76 0 
-75 -77 0 
-75 -85 0 
-75 -86 0 
-75 -87 0 
-75 -95 0 
-75 -97 0 
-75 -99 0 
-75 -105 0 
-75 -108 0 
-75 -115 0 
-75 -119 0 
-76 -4 0 
-76 -10 0 
-76 -16 0 
-76 -21 0 
-76 -28 0 
-76 -32 0 
-76 -40 0 
-76 -43 0 
-76 -52 0 
-76 -54 0 
-76 -64 0 
-76 -65 0 
-76 -66 0 
-76 -67 0 
-76 -68 0 
-76 -69 0 
-76 -70 0 
-76 -71 0 
-76 -72 0 
-76 -73 0 
-76 -74 0 
-76 -75 0 
-76 -77 0 
-76 -86 0 
-76 -87 0 
-76 -88 0 
-76 -96 0 
-76 -98 0 
-76 -106 0 
-76 -109 0 
-76 -116 0 
-76 -120 0 
-77 -5 0 
-77 -11 0 
-77 -17 0 
-77 -22 0 
-77 -29 0 
-77 -33 0 
-77 -41 0 
-77 -44 0 
-77 -53 0 
-77 -55 0 
-77 -65 0 
-77 -66 0 
-77 -67 0 
-77 -68 0 
-77 -69 0 
-77 -70 0 
-77 -71 0 
-77 -72 0 
-77 -73 0 
-77 -74 0 
-77 -75 0 
-77 -76 0 
-77 -87 0 
-77 -88 0 
-77 -97 0 
-77 -99 0 
-77 -107 0 
-77 -110 0 
-77 -117 0 
-77 -121 0 
-78 -1 0 
-78 -8 0 
-78 -12 0 
-78 -18 0 
-78 -23 0 
-78 -28 0 
-78 -34 0 
-78 -38 0 
-78 -45 0 
-78 -48 0 
-78 -56 0 
-78 -58 0 
-78 -67 0 
-78 -68 0 
-78 -79 0 
-78 -80 0 
-78 -81 0 
-78 -82 0 
-78 -83 0 
-78 -84 0 
-78 -85 0 
-78 -86 0 
-78 -87 0 
-78 -88 0 
-78 -89 0 
-78 -90 0 
-78 -100 0 
-78 -102 0 
-78 -111 0 
-78 -114 0 
-79 -2 0 
-79 -9 0 
-79 -13 0 
-79 -19 0 
-79 -24 0 
-79 -29 0 
-79 -35 0 
-79 -39 0 
-79 -46 0 
-79 -49 0 
-79 -57 0 
-79 -59 0 
-79 -67 0 
-79 -68 0 
-79 -69 0 
-79 -78 0 
-79 -80 0 
-79 -81 0 
-79 -82 0 
-79 -83 0 
-79 -84 0 
-79 -85 0 
-79 -86 0 
-79 -87 0 
-79 -88 0 
-79 -89 0 
-79 -90 0 
-79 -91 0 
-79 -101 0 
-79 -103 0 
-79 -112 0 
-79 -115 0 
-80 -3 0 
-80 -10 0 
-80 -14 0 
-80 -20 0 
-80 -25 0 
-80 -30 0 
-80 -36 0 
-80 -40 0 
-80 -47 0 
-80 -50 0 
-80 -56 0 
-80 -58 0 
-80 -60 0 
-80 -68 0 
-80 -69 0 
-80 -70 0 
-80 -78 0 
-80 -79 0 
-80 -81 0 
-80 -82 0 
-80 -83 0 
-80 -84 0 
-80 -85 0 
-80 -86 0 
-80 -87 0 
-80 -88 0 
-80 -90 0 
-80 -91 0 
-80 -92 0 
-80 -100 0 
-80 -102 0 
-80 -104 0 
-80 -113 0 
-80 -116 0 
-81 -4 0 
-81 -11 0 
-81 -15 0 
-81 -21 0 
-81 -26 0 
-81 -31 0 
-81 -37 0 
-81 -41 0 
-81 -45 0 
-81 -48 0 
-81 -51 0 
-81 -57 0 
-81 -59 0 
-81 -61 0 
-81 -69 0 
-81 -70 0 
-81 -71 0 
-81 -78 0 
-81 -79 0 
-81 -80 0 
-81 -82 0 
-81 -83 0 
-81 -84 0 
-81 -85 0 
-81 -86 0 
-81 -87 0 
-81 -88 0 
-81 -91 0 
-81 -92 0 
-81 -93 0 
-81 -101 0 
-81 -103 0 
-81 -105 0 
-81 -111 0 
-81 -114 0 
-81 -117 0 
-82 -5 0 
-82 -16 0 
-82 -22 0 
-82 -27 0 
-82 -32 0 
-82 -34 0 
-82 -38 0 
-82 -42 0 
-82 -46 0 
-82 -49 0 
-82 -52 0 
-82 -58 0 
-82 -60 0 
-82 -62 0 
-82 -70 0 
-82 -71 0 
-82 -72 0 
-82 -78 0 
-82 -79 0 
-82 -80 0 
-82 -81 0 
-82 -83 0 
-82 -84 0 
-82 -85 0 
-82 -86 0 
-82 -87 0 
-82 -88 0 
-82 -92 0 
-82 -93 0 
-82 -94 0 
-82 -102 0 
-82 -104 0 
-82 -106 0 
-82 -112 0 
-82 -115 0 
-82 -118 0 
-83 -6 0 
-83 -17 0 
-83 -23 0 
-83 -28 0 
-83 -33 0 
-83 -35 0 
-83 -39 0 
-83 -43 0 
-83 -47 0 
-83 -50 0 
-83 -53 0 
-83 -59 0 
-83 -61 0 
-83 -63 0 
-83 -71 0 
-83 -72 0 
-83 -73 0 
-83 -78 0 
-83 -79 0 
-83 -80 0 
-83 -81 0 
-83 -82 0 
-83 -84 0 
-83 -85 0 
-83 -86 0 
-83 -87 0 
-83 -88 0 
-83 -93 0 
-83 -94 0 
-83 -95 0 
-83 -103 0 
-83 -105 0 
-83 -107 0 
-83 -113 0 
-83 -116 0 
-83 -119 0 
-84 -7 0 
-84 -12 0 
-84 -18 0 
-84 -24 0 
-84 -29 0 
-84 -36 0 
-84 -40 0 
-84 -44 0 
-84 -48 0 
-84 -51 0 
-84 -54 0 
-84 -60 0 
-84 -62 0 
-84 -64 0 
-84 -72 0 
-84 -73 0 
-84 -74 0 
-84 -78 0 
-84 -79 0 
-84 -80 0 
-84 -81 0 
-84 -82 0 
-84 -83 0 
-84 -85 0 
-84 -86 0 
-84 -87 0 
-84 -88 0 
-84 -94 0 
-84 -95 0 
-84 -96 0 
-84 -104 0 
-84 -106 0 
-84 -108 0 
-84 -114 0 
-84 -117 0 
-84 -120 0 
-85 -1 0 
-85 -8 0 
-85 -13 0 
-85 -19 0 
-85 -25 0 
-85 -30 0 
-85 -37 0 
-85 -41 0 
-85 -49 0 
-85 -52 0 
-85 -55 0 
-85 -61 0 
-85 -63 0 
-85 -65 0 
-85 -73 0 
-85 -74 0 
-85 -75 0 
-85 -78 0 
-85 -79 0 
-85 -80 0 
-85 -81 0 
-85 -82 0 
-85 -83 0 
-85 -84 0 
-85 -86 0 
-85 -87 0 
-85 -88 0 
-85 -95 0 
-85 -96 0 
-85 -97 0 
-85 -105 0 
-85 -107 0 
-85 -109 0 
-85 -115 0 
-85 -118 0 
-85 -121 0 
-86 -2 0 
-86 -9 0 
-86 -14 0 
-86 -20 0 
-86 -26 0 
-86 -31 0 
-86 -38 0 
-86 -42 0 
-86 -50 0 
-86 -53 0 
-86 -62 0 
-86 -64 0 
-86 -66 0 
-86 -74 0 
-86 -75 0 
-86 -76 0 
-86 -78 0 
-86 -79 0 
-86 -80 0 
-86 -81 0 
-86 -82 0 
-86 -83 0 
-86 -84 0 
-86 -85 0 
-86 -87 0 
-86 -88 0 
-86 -96 0 
-86 -97 0 
-86 -98 0 
-86 -106 0 
-86 -108 0 
-86 -110 0 
-86 -116 0 
-86 -119 0 
-87 -3 0 
-87 -10 0 
-87 -15 0 
-87 -21 0 
-87 -27 0 
-87 -32 0 
-87 -39 0 
-87 -43 0 
-87 -51 0 
-87 -54 0 
-87 -63 0 
-87 -65 0 
-87 -75 0 
-87 -76 0 
-87 -77 0 
-87 -78 0 
-87 -79 0 
-87 -80 0 
-87 -81 0 
-87 -82 0 
-87 -83 0 
-87 -84 0 
-87 -85 0 
-87 -86 0 
-87 -88 0 
-87 -97 0 
-87 -98 0 
-87 -99 0 
-87 -107 0 
-87 -109 0 
-87 -117 0 
-87 -120 0 
-88 -4 0 
-88 -11 0 
-88 -16 0 
-88 -22 0 
-88 -28 0 
-88 -33 0 
-88 -40 0 
-88 -44 0 
-88 -52 0 
-88 -55 0 
-88 -64 0 
-88 -66 0 
-88 -76 0 
-88 -77 0 
-88 -78 0 
-88 -79 0 
-88 -80 0 
-88 -81 0 
-88 -82 0 
-88 -83 0 
-88 -84 0 
-88 -85 0 
-88 -86 0 
-88 -87 0 
-88 -98 0 
-88 -99 0 
-88 -108 0 
-88 -110 0 
-88 -118 0 
-88 -121 0 
-89 -1 0 
-89 -9 0 
-89 -12 0 
-89 -19 0 
-89 -23 0 
-89 -29 0 
-89 -34 0 
-89 -39 0 
-89 -45 0 
-89 -49 0 
-89 -56 0 
-89 -59 0 
-89 -67 0 
-89 -69 0 
-89 -78 0 
-89 -79 0 
-89 -90 0 
-89 -91 0 
-89 -92 0 
-89 -93 0 
-89 -94 0 
-89 -95 0 
-89 -96 0 
-89 -97 0 
-89 -98 0 
-89 -99 0 
-89 -100 0 
-89 -101 0 
-89 -111 0 
-89 -113 0 
-90 -2 0 
-90 -10 0 
-90 -13 0 
-90 -20 0 
-90 -24 0 
-90 -30 0 
-90 -35 0 
-90 -40 0 
-90 -46 0 
-90 -50 0 
-90 -57 0 
-90 -60 0 
-90 -68 0 
-90 -70 0 
-90 -78 0 
-90 -79 0 
-90 -80 0 
-90 -89 0 
-90 -91 0 
-90 -92 0 
-90 -93 0 
-90 -94 0 
-90 -95 0 
-90 -96 0 
-90 -97 0 
-90 -98 0 
-90 -99 0 
-90 -100 0 
-90 -101 0 
-90 -102 0 
-90 -112 0 
-90 -114 0 
-91 -3 0 
-91 -11 0 
-91 -14 0 
-91 -21 0 
-91 -25 0 
-91 -31 0 
-91 -36 0 
-91 -41 0 
-91 -47 0 
-91 -51 0 
-91 -58 0 
-91 -61 0 
-91 -67 0 
-91 -69 0 
-91 -71 0 
-91 -79 0 
-91 -80 0 
-91 -81 0 
-91 -89 0 
-91 -90 0 
-91 -92 0 
-91 -93 0 
-91 -94 0 
-91 -95 0 
-91 -96 0 
-91 -97 0 
-91 -98 0 
-91 -99 0 
-91 -101 0 
-91 -102 0 
-91 -103 0 
-91 -111 0 
-91 -113 0 
-91 -115 0 
-92 -4 0 
-92 -15 0 
-92 -22 0 
-92 -26 0 
-92 -32 0 
-92 -37 0 
-92 -42 0 
-92 -48 0 
-92 -52 0 
-92 -56 0 
-92 -59 0 
-92 -62 0 
-92 -68 0 
-92 -70 0 
-92 -72 0 
-92 -80 0 
-92 -81 0 
-92 -82 0 
-92 -89 0 
-92 -90 0 
-92 -91 0 
-92 -93 0 
-92 -94 0 
-92 -95 0 
-92 -96 0 
-92 -97 0 
-92 -98 0 
-92 -99 0 
-92 -102 0 
-92 -103 0 
-92 -104 0 
-92 -112 0 
-92 -114 0 
-92 -116 0 
-93 -5 0 
-93 -16 0 
-93 -27 0 
-93 -33 0 
-93 -38 0 
-93 -43 0 
-93 -45 0 
-93 -49 0 
-93 -53 0 
-93 -57 0 
-93 -60 0 
-93 -63 0 
-93 -69 0 
-93 -71 0 
-93 -73 0 
-93 -81 0 
-93 -82 0 
-93 -83 0 
-93 -89 0 
-93 -90 0 
-93 -91 0 
-93 -92 0 
-93 -94 0 
-93 -95 0 
-93 -96 0 
-93 -97 0 
-93 -98 0 
-93 -99 0 
-93 -103 0 
-93 -104 0 
-93 -105 0 
-93 -113 0 
-93 -115 0 
-93 -117 0 
-94 -6 0 
-94 -17 0 
-94 -28 0 
-94 -34 0 
-94 -39 0 
-94 -44 0 
-94 -46 0 
-94 -50 0 
-94 -54 0 
-94 -58 0 
-94 -61 0 
-94 -64 0 
-94 -70 0 
-94 -72 0 
-94 -74 0 
-94 -82 0 
-94 -83 0 
-94 -84 0 
-94 -89 0 
-94 -90 0 
-94 -91 0 
-94 -92 0 
-94 -93 0 
-94 -95 0 
-94 -96 0 
-94 -97 0 
-94 -98 0 
-94 -99 0 
-94 -104 0 
-94 -105 0 
-94 -106 0 
-94 -114 0 
-94 -116 0 
-94 -118 0 
-95 -7 0 
-95 -18 0 
-95 -23 0 
-95 -29 0 
-95 -35 0 
-95 -40 0 
-95 -47 0 
-95 -51 0 
-95 -55 0 
-95 -59 0 
-95 -62 0 
-95 -65 0 
-95 -71 0 
-95 -73 0 
-95 -75 0 
-95 -83 0 
-95 -84 0 
-95 -85 0 
-95 -89 0 
-95 -90 0 
-95 -91 0 
-95 -92 0 
-95 -93 0 
-95 -94 0 
-95 -96 0 
-95 -97 0 
-95 -98 0 
-95 -99 0 
-95 -105 0 
-95 -106 0 
-95 -107 0 
-95 -115 0 
-95 -117 0 
-95 -119 0 
-96 -8 0 
-96 -12 0 
-96 -19 0 
-96 -24 0 
-96 -30 0 
-96 -36 0 
-96 -41 0 
-96 -48 0 
-96 -52 0 
-96 -60 0 
-96 -63 0 
-96 -66 0 
-96 -72 0 
-96 -74 0 
-96 -76 0 
-96 -84 0 
-96 -85 0 
-96 -86 0 
-96 -89 0 
-96 -90 0 
-96 -91 0 
-96 -92 0 
-96 -93 0 
-96 -94 0 
-96 -95 0 
-96 -97 0 
-96 -98 0 
-96 -99 0 
-96 -106 0 
-96 -107 0 
-96 -108 0 
-96 -116 0 
-96 -118 0 
-96 -120 0 
-97 -1 0 
-97 -9 0 
-97 -13 0 
-97 -20 0 
-97 -25 0 
-97 -31 0 
-97 -37 0 
-97 -42 0 
-97 -49 0 
-97 -53 0 
-97 -61 0 
-97 -64 0 
-97 -73 0 
-97 -75 0 
-97 -77 0 
-97 -85 0 
-97 -86 0 
-97 -87 0 
-97 -89 0 
-97 -90 0 
-97 -91 0 
-97 -92 0 
-97 -93 0 
-97 -94 0 
-97 -95 0 
-97 -96 0 
-97 -98 0 
-97 -99 0 
-97 -107 0 
-97 -108 0 
-97 -109 0 
-97 -117 0 
-97 -119 0 
-97 -121 0 
-98 -2 0 
-98 -10 0 
-98 -14 0 
-98 -21 0 
-98 -26 0 
-98 -32 0 
-98 -38 0 
-98 -43 0 
-98 -50 0 
-98 -54 0 
-98 -62 0 
-98 -65 0 
-98 -74 0 
-98 -76 0 
-98 -86 0 
-98 -87 0 
-98 -88 0 
-98 -89 0 
-98 -90 0 
-98 -91 0 
-98 -92 0 
-98 -93 0 
-98 -94 0 
-98 -95 0 
-98 -96 0 
-98 -97 0 
-98 -99 0 
-98 -108 0 
-98 -109 0 
-98 -110 0 
-98 -118 0 
-98 -120 0 
-99 -3 0 
-99 -11 0 
-99 -15 0 
-99 -22 0 
-99 -27 0 
-99 -33 0 
-99 -39 0 
-99 -44 0 
-99 -51 0 
-99 -55 0 
-99 -63 0 
-99 -66 0 
-99 -75 0 
-99 -77 0 
-99 -87 0 
-99 -88 0 
-99 -89 0 
-99 -90 0 
-99 -91 0 
-99 -92 0 
-99 -93 0 
-99 -94 0 
-99 -95 0 
-99 -96 0 
-99 -97 0 
-99 -98 0 
-99 -109 0 
-99 -110 0 
-99 -119 0 
-99 -121 0 
-100 -1 0 
-100 -10 0 
-100 -12 0 
-100 -20 0 
-100 -23 0 
-100 -30 0 
-100 -34 0 
-100 -40 0 
-100 -45 0 
-100 -50 0 
-100 -56 0 
-100 -60 0 
-100 -67 0 
-100 -70 0 
-100 -78 0 
-100 -80 0 
-100 -89 0 
-100 -90 0 
-100 -101 0 
-100 -102 0 
-100 -103 0 
-100 -104 0 
-100 -105 0 
-100 -106 0 
-100 -107 0 
-100 -108 0 
-100 -109 0 
-100 -110 0 
-100 -111 0 
-100 -112 0 
-101 -2 0 
-101 -11 0 
-101 -13 0 
-101 -21 0 
-101 -24 0 
-101 -31 0 
-101 -35 0 
-101 -41 0 
-101 -46 0 
-101 -51 0 
-101 -57 0 
-101 -61 0 
-101 -68 0 
-101 -71 0 
-101 -79 0 
-101 -81 0 
-101 -89 0 
-101 -90 0 
-101 -91 0 
-101 -100 0 
-101 -102 0 
-101 -103 0 
-101 -104 0 
-101 -105 0 
-101 -106 0 
-101 -107 0 
-101 -108 0 
-101 -109 0 
-101 -110 0 
-101 -111 0 
-101 -112 0 
-101 -113 0 
-102 -3 0 
-102 -14 0 
-102 -22 0 
-102 -25 0 
-102 -32 0 
-102 -36 0 
-102 -42 0 
-102 -47 0 
-102 -52 0 
-102 -58 0 
-102 -62 0 
-102 -69 0 
-102 -72 0 
-102 -78 0 
-102 -80 0 
-102 -82 0 
-102 -90 0 
-102 -91 0 
-102 -92 0 
-102 -100 0 
-102 -101 0 
-102 -103 0 
-102 -104 0 
-102 -105 0 
-102 -106 0 
-102 -107 0 
-102 -108 0 
-102 -109 0 
-102 -110 0 
-102 -112 0 
-102 -113 0 
-102 -114 0 
-103 -4 0 
-103 -15 0 
-103 -26 0 
-103 -33 0 
-103 -37 0 
-103 -43 0 
-103 -48 0 
-103 -53 0 
-103 -59 0 
-103 -63 0 
-103 -67 0 
-103 -70 0 
-103 -73 0 
-103 -79 0 
-103 -81 0 
-103 -83 0 
-103 -91 0 
-103 -92 0 
-103 -93 0 
-103 -100 0 
-103 -101 0 
-103 -102 0 
-103 -104 0 
-103 -105 0 
-103 -106 0 
-103 -107 0 
-103 -108 0 
-103 -109 0 
-103 -110 0 
-103 -113 0 
-103 -114 0 
-103 -115 0 
-104 -5 0 
-104 -16 0 
-104 -27 0 
-104 -38 0 
-104 -44 0 
-104 -49 0 
-104 -54 0 
-104 -56 0 
-104 -60 0 
-104 -64 0 
-104 -68 0 
-104 -71 0 
-104 -74 0 
-104 -80 0 
-104 -82 0 
-104 -84 0 
-104 -92 0 
-104 -93 0 
-104 -94 0 
-104 -100 0 
-104 -101 0 
-104 -102 0 
-104 -103 0 
-104 -105 0 
-104 -106 0 
-104 -107 0 
-104 -108 0 
-104 -109 0 
-104 -110 0 
-104 -114 0 
-104 -115 0 
-104 -116 0 
-105 -6 0 
-105 -17 0 
-105 -28 0 
-105 -39 0 
-105 -45 0 
-105 -50 0 
-105 -55 0 
-105 -57 0 
-105 -61 0 
-105 -65 0 
-105 -69 0 
-105 -72 0 
-105 -75 0 
-105 -81 0 
-105 -83 0 
-105 -85 0 
-105 -93 0 
-105 -94 0 
-105 -95 0 
-105 -100 0 
-105 -101 0 
-105 -102 0 
-105 -103 0 
-105 -104 0 
-105 -106 0 
-105 -107 0 
-105 -108 0 
-105 -109 0 
-105 -110 0 
-105 -115 0 
-105 -116 0 
-105 -117 0 
-106 -7 0 
-106 -18 0 
-106 -29 0 
-106 -34 0 
-106 -40 0 
-106 -46 0 
-106 -51 0 
-106 -58 0 
-106 -62 0 
-106 -66 0 
-106 -70 0 
-106 -73 0 
-106 -76 0 
-106 -82 0 
-106 -84 0 
-106 -86 0 
-106 -94 0 
-106 -95 0 
-106 -96 0 
-106 -100 0 
-106 -101 0 
-106 -102 0 
-106 -103 0 
-106 -104 0 
-106 -105 0 
-106 -107 0 
-106 -108 0 
-106 -109 0 
-106 -110 0 
-106 -116 0 
-106 -117 0 
-106 -118 0 
-107 -8 0 
-107 -19 0 
-107 -23 0 
-107 -30 0 
-107 -35 0 
-107 -41 0 
-107 -47 0 
-107 -52 0 
-107 -59 0 
-107 -63 0 
-107 -71 0 
-107 -74 0 
-107 -77 0 
-107 -83 0 
-107 -85 0 
-107 -87 0 
-107 -95 0 
-107 -96 0 
-107 -97 0 
-107 -100 0 
-107 -101 0 
-107 -102 0 
-107 -103 0 
-107 -104 0 
-107 -105 0 
-107 -106 0 
-107 -108 0 
-107 -109 0 
-107 -110 0 
-107 -117 0 
-107 -118 0 
-107 -119 0 
-108 -9 0 
-108 -12 0 
-108 -20 0 
-108 -24 0 
-108 -31 0 
-108 -36 0 
-108 -42 0 
-108 -48 0 
-108 -53 0 
-108 -60 0 
-108 -64 0 
-108 -72 0 
-108 -75 0 
-108 -84 0 
-108 -86 0 
-108 -88 0 
-108 -96 0 
-108 -97 0 
-108 -98 0 
-108 -100 0 
-108 -101 0 
-108 -102 0 
-108 -103 0 
-108 -104 0 
-108 -105 0 
-108 -106 0 
-108 -107 0 
-108 -109 0 
-108 -110 0 
-108 -118 0 
-108 -119 0 
-108 -120 0 
-109 -1 0 
-109 -10 0 
-109 -13 0 
-109 -21 0 
-109 -25 0 
-109 -32 0 
-109 -37 0 
-109 -43 0 
-109 -49 0 
-109 -54 0 
-109 -61 0 
-109 -65 0 
-109 -73 0 
-109 -76 0 
-109 -85 0 
-109 -87 0 
-109 -97 0 
-109 -98 0 
-109 -99 0 
-109 -100 0 
-109 -101 0 
-109 -102 0 
-109 -103 0 
-109 -104 0 
-109 -105 0 
-109 -106 0 
-109 -107 0 
-109 -108 0 
-109 -110 0 
-109 -119 0 
-109 -120 0 
-109 -121 0 
-110 -2 0 
-110 -11 0 
-110 -14 0 
-110 -22 0 
-110 -26 0 
-110 -33 0 
-110 -38 0 
-110 -44 0 
-110 -50 0 
-110 -55 0 
-110 -62 0 
-110 -66 0 
-110 -74 0 
-110 -77 0 
-110 -86 0 
-110 -88 0 
-110 -98 0 
-110 -99 0 
-110 -100 0 
-110 -101 0 
-110 -102 0 
-110 -103 0 
-110 -104 0 
-110 -105 0 
-110 -106 0 
-110 -107 0 
-110 -108 0 
-110 -109 0 
-110 -120 0 
-110 -121 0 
-111 -1 0 
-111 -11 0 
-111 -12 0 
-111 -21 0 
-111 -23 0 
-111 -31 0 
-111 -34 0 
-111 -41 0 
-111 -45 0 
-111 -51 0 
-111 -56 0 
-111 -61 0 
-111 -67 0 
-111 -71 0 
-111 -78 0 
-111 -81 0 
-111 -89 0 
-111 -91 0 
-111 -100 0 
-111 -101 0 
-111 -112 0 
-111 -113 0 
-111 -114 0 
-111 -115 0 
-111 -116 0 
-111 -117 0 
-111 -118 0 
-111 -119 0 
-111 -120 0 
-111 -121 0 
-112 -2 0 
-112 -13 0 
-112 -22 0 
-112 -24 0 
-112 -32 0 
-112 -35 0 
-112 -42 0 
-112 -46 0 
-112 -52 0 
-112 -57 0 
-112 -62 0 
-112 -68 0 
-112 -72 0 
-112 -79 0 
-112 -82 0 
-112 -90 0 
-112 -92 0 
-112 -100 0 
-112 -101 0 
-112 -102 0 
-112 -111 0 
-112 -113 0 
-112 -114 0 
-112 -115 0 
-112 -116 0 
-112 -117 0 
-112 -118 0 
-112 -119 0 
-112 -120 0 
-112 -121 0 
-113 -3 0 
-113 -14 0 
-113 -25 0 
-113 -33 0 
-113 -36 0 
-113 -43 0 
-113 -47 0 
-113 -53 0 
-113 -58 0 
-113 -63 0 
-113 -69 0 
-113 -73 0 
-113 -80 0 
-113 -83 0 
-113 -89 0 
-113 -91 0 
-113 -93 0 
-113 -101 0 
-113 -102 0 
-113 -103 0 
-113 -111 0 
-113 -112 0 
-113 -114 0 
-113 -115 0 
-113 -116 0 
-113 -117 0 
-113 -118 0 
-113 -119 0 
-113 -120 0 
-113 -121 0 
-114 -4 0 
-114 -15 0 
-114 -26 0 
-114 -37 0 
-114 -44 0 
-114 -48 0 
-114 -54 0 
-114 -59 0 
-114 -64 0 
-114 -70 0 
-114 -74 0 
-114 -78 0 
-114 -81 0 
-114 -84 0 
-114 -90 0 
-114 -92 0 
-114 -94 0 
-114 -102 0 
-114 -103 0 
-114 -104 0 
-114 -111 0 
-114 -112 0 
-114 -113 0 
-114 -115 0 
-114 -116 0 
-114 -117 0 
-114 -118 0 
-114 -119 0 
-114 -120 0 
-114 -121 0 
-115 -5 0 
-115 -16 0 
-115 -27 0 
-115 -38 0 
-115 -49 0 
-115 -55 0 
-115 -60 0 
-115 -65 0 
-115 -67 0 
-115 -71 0 
-115 -75 0 
-115 -79 0 
-115 -82 0 
-115 -85 0 
-115 -91 0 
-115 -93 0 
-115 -95 0 
-115 -103 0 
-115 -104 0 
-115 -105 0 
-115 -111 0 
-115 -112 0 
-115 -113 0 
-115 -114 0 
-115 -116 0 
-115 -117 0 
-115 -118 0 
-115 -119 0 
-115 -120 0 
-115 -121 0 
-116 -6 0 
-116 -17 0 
-116 -28 0 
-116 -39 0 
-116 -50 0 
-116 -56 0 
-116 -61 0 
-116 -66 0 
-116 -68 0 
-116 -72 0 
-116 -76 0 
-116 -80 0 
-116 -83 0 
-116 -86 0 
-116 -92 0 
-116 -94 0 
-116 -96 0 
-116 -104 0 
-116 -105 0 
-116 -106 0 
-116 -111 0 
-116 -112 0 
-116 -113 0 
-116 -114 0 
-116 -115 0 
-116 -117 0 
-116 -118 0 
-116 -119 0 
-116 -120 0 
-116 -121 0 
-117 -7 0 
-117 -18 0 
-117 -29 0 
-117 -40 0 
-117 -45 0 
-117 -51 0 
-117 -57 0 
-117 -62 0 
-117 -69 0 
-117 -73 0 
-117 -77 0 
-117 -81 0 
-117 -84 0 
-117 -87 0 
-117 -93 0 
-117 -95 0 
-117 -97 0 
-117 -105 0 
-117 -106 0 
-117 -107 0 
-117 -111 0 
-117 -112 0 
-117 -113 0 
-117 -114 0 
-117 -115 0 
-117 -116 0 
-117 -118 0 
-117 -119 0 
-117 -120 0 
-117 -121 0 
-118 -8 0 
-118 -19 0 
-118 -30 0 
-118 -34 0 
-118 -41 0 
-118 -46 0 
-118 -52 0 
-118 -58 0 
-118 -63 0 
-118 -70 0 
-118 -74 0 
-118 -82 0 
-118 -85 0 
-118 -88 0 
-118 -94 0 
-118 -96 0 
-118 -98 0 
-118 -106 0 
-118 -107 0 
-118 -108 0 
-118 -111 0 
-118 -112 0 
-118 -113 0 
-118 -114 0 
-118 -115 0 
-118 -116 0 
-118 -117 0 
-118 -119 0 
-118 -120 0 
-118 -121 0 
-119 -9 0 
-119 -20 0 
-119 -23 0 
-119 -31 0 
-119 -35 0 
-119 -42 0 
-119 -47 0 
-119 -53 0 
-119 -59 0 
-119 -64 0 
-119 -71 0 
-119 -75 0 
-119 -83 0 
-119 -86 0 
-119 -95 0 
-119 -97 0 
-119 -99 0 
-119 -107 0 
-119 -108 0 
-119 -109 0 
-119 -111 0 
-119 -112 0 
-119 -113 0 
-119 -114 0 
-119 -115 0 
-119 -116 0 
-119 -117 0 
-119 -118 0 
-119 -120 0 
-119 -121 0 
-120 -10 0 
-120 -12 0 
-120 -21 0 
-120 -24 0 
-120 -32 0 
-120 -36 0 
-120 -43 0 
-120 -48 0 
-120 -54 0 
-120 -60 0 
-120 -65 0 
-120 -72 0 
-120 -76 0 
-120 -84 0 
-120 -87 0 
-120 -96 0 
-120 -98 0 
-120 -108 0 
-120 -109 0 
-120 -110 0 
-120 -111 0 
-120 -112 0 
-120 -113 0 
-120 -114 0 
-120 -115 0 
-120 -116 0 
-120 -117 0 
-120 -118 0 
-120 -119 0 
-120 -121 0 
-121 -1 0 
-121 -11 0 
-121 -13 0 
-121 -22 0 
-121 -25 0 
-121 -33 0 
-121 -37 0 
-121 -44 0 
-121 -49 0 
-121 -55 0 
-121 -61 0 
-121 -66 0 
-121 -73 0 
-121 -77 0 
-121 -85 0 
-121 -88 0 
-121 -97 0 
-121 -99 0 
-121 -109 0 
-121 -110 0 
-121 -111 0 
-121 -112 0 
-121 -113 0 
-121 -114 0 
-121 -115 0 
-121 -116 0 
-121 -117 0 
-121 -118 0 
-121 -119 0 
-121 -120 0 
