p cnf 144 5204 
1 2 3 4 5 6 7 8 9 10 11 12 0 
13 14 15 16 17 18 19 20 21 22 23 24 0 
25 26 27 28 29 30 31 32 33 34 35 36 0 
37 38 39 40 41 42 43 44 45 46 47 48 0 
49 50 51 52 53 54 55 56 57 58 59 60 0 
61 62 63 64 65 66 67 68 69 70 71 72 0 
73 74 75 76 77 78 79 80 81 82 83 84 0 
85 86 87 88 89 90 91 92 93 94 95 96 0 
97 98 99 100 101 102 103 104 105 106 107 108 0 
109 110 111 112 113 114 115 116 117 118 119 120 0 
121 122 123 124 125 126 127 128 129 130 131 132 0 
133 134 135 136 137 138 139 140 141 142 143 144 0 
-1 -2 0 
-1 -3 0 
-1 -4 0 
-1 -5 0 
-1 -6 0 
-1 -7 0 
-1 -8 0 
-1 -9 0 
-1 -10 0 
-1 -11 0 
-1 -12 0 
-1 -13 0 
-1 -14 0 
-1 -25 0 
-1 -27 0 
-1 -37 0 
-1 -40 0 
-1 -49 0 
-1 -53 0 
-1 -61 0 
-1 -66 0 
-1 -73 0 
-1 -79 0 
-1 -85 0 
-1 -92 0 
-1 -97 0 
-1 -105 0 
-1 -109 0 
-1 -118 0 
-1 -121 0 
-1 -131 0 
-1 -133 0 
-1 -144 0 
-2 -1 0 
-2 -3 0 
-2 -4 0 
-2 -5 0 
-2 -6 0 
-2 -7 0 
-2 -8 0 
-2 -9 0 
-2 -10 0 
-2 -11 0 
-2 -12 0 
-2 -13 0 
-2 -14 0 
-2 -15 0 
-2 -26 0 
-2 -28 0 
-2 -38 0 
-2 -41 0 
-2 -50 0 
-2 -54 0 
-2 -62 0 
-2 -67 0 
-2 -74 0 
-2 -80 0 
-2 -86 0 
-2 -93 0 
-2 -98 0 
-2 -106 0 
-2 -110 0 
-2 -119 0 
-2 -122 0 
-2 -132 0 
-2 -134 0 
-3 -1 0 
-3 -2 0 
-3 -4 0 
-3 -5 0 
-3 -6 0 
-3 -7 0 
-3 -8 0 
-3 -9 0 
-3 -10 0 
-3 -11 0 
-3 -12 0 
-3 -14 0 
-3 -15 0 
-3 -16 0 
-3 -25 0 
-3 -27 0 
-3 -29 0 
-3 -39 0 
-3 -42 0 
-3 -51 0 
-3 -55 0 
-3 -63 0 
-3 -68 0 
-3 -75 0 
-3 -81 0 
-3 -87 0 
-3 -94 0 
-3 -99 0 
-3 -107 0 
-3 -111 0 
-3 -120 0 
-3 -123 0 
-3 -135 0 
-4 -1 0 
-4 -2 0 
-4 -3 0 
-4 -5 0 
-4 -6 0 
-4 -7 0 
-4 -8 0 
-4 -9 0 
-4 -10 0 
-4 -11 0 
-4 -12 0 
-4 -15 0 
-4 -16 0 
-4 -17 0 
-4 -26 0 
-4 -28 0 
-4 -30 0 
-4 -37 0 
-4 -40 0 
-4 -43 0 
-4 -52 0 
-4 -56 0 
-4 -64 0 
-4 -69 0 
-4 -76 0 
-4 -82 0 
-4 -88 0 
-4 -95 0 
-4 -100 0 
-4 -108 0 
-4 -112 0 
-4 -124 0 
-4 -136 0 
-5 -1 0 
-5 -2 0 
-5 -3 0 
-5 -4 0 
-5 -6 0 
-5 -7 0 
-5 -8 0 
-5 -9 0 
-5 -10 0 
-5 -11 0 
-5 -12 0 
-5 -16 0 
-5 -17 0 
-5 -18 0 
-5 -27 0 
-5 -29 0 
-5 -31 0 
-5 -38 0 
-5 -41 0 
-5 -44 0 
-5 -49 0 
-5 -53 0 
-5 -57 0 
-5 -65 0 
-5 -70 0 
-5 -77 0 
-5 -83 0 
-5 -89 0 
-5 -96 0 
-5 -101 0 
-5 -113 0 
-5 -125 0 
-5 -137 0 
-6 -1 0 
-6 -2 0 
-6 -3 0 
-6 -4 0 
-6 -5 0 
-6 -7 0 
-6 -8 0 
-6 -9 0 
-6 -10 0 
-6 -11 0 
-6 -12 0 
-6 -17 0 
-6 -18 0 
-6 -19 0 
-6 -28 0 
-6 -30 0 
-6 -32 0 
-6 -39 0 
-6 -42 0 
-6 -45 0 
-6 -50 0 
-6 -54 0 
-6 -58 0 
-6 -61 0 
-6 -66 0 
-6 -71 0 
-6 -78 0 
-6 -84 0 
-6 -90 0 
-6 -102 0 
-6 -114 0 
-6 -126 0 
-6 -138 0 
-7 -1 0 
-7 -2 0 
-7 -3 0 
-7 -4 0 
-7 -5 0 
-7 -6 0 
-7 -8 0 
-7 -9 0 
-7 -10 0 
-7 -11 0 
-7 -12 0 
-7 -18 0 
-7 -19 0 
-7 -20 0 
-7 -29 0 
-7 -31 0 
-7 -33 0 
-7 -40 0 
-7 -43 0 
-7 -46 0 
-7 -51 0 
-7 -55 0 
-7 -59 0 
-7 -62 0 
-7 -67 0 
-7 -72 0 
-7 -73 0 
-7 -79 0 
-7 -91 0 
-7 -103 0 
-7 -115 0 
-7 -127 0 
-7 -139 0 
-8 -1 0 
-8 -2 0 
-8 -3 0 
-8 -4 0 
-8 -5 0 
-8 -6 0 
-8 -7 0 
-8 -9 0 
-8 -10 0 
-8 -11 0 
-8 -12 0 
-8 -19 0 
-8 -20 0 
-8 -21 0 
-8 -30 0 
-8 -32 0 
-8 -34 0 
-8 -41 0 
-8 -44 0 
-8 -47 0 
-8 -52 0 
-8 -56 0 
-8 -60 0 
-8 -63 0 
-8 -68 0 
-8 -74 0 
-8 -80 0 
-8 -85 0 
-8 -92 0 
-8 -104 0 
-8 -116 0 
-8 -128 0 
-8 -140 0 
-9 -1 0 
-9 -2 0 
-9 -3 0 
-9 -4 0 
-9 -5 0 
-9 -6 0 
-9 -7 0 
-9 -8 0 
-9 -10 0 
-9 -11 0 
-9 -12 0 
-9 -20 0 
-9 -21 0 
-9 -22 0 
-9 -31 0 
-9 -33 0 
-9 -35 0 
-9 -42 0 
-9 -45 0 
-9 -48 0 
-9 -53 0 
-9 -57 0 
-9 -64 0 
-9 -69 0 
-9 -75 0 
-9 -81 0 
-9 -86 0 
-9 -93 0 
-9 -97 0 
-9 -105 0 
-9 -117 0 
-9 -129 0 
-9 -141 0 
-10 -1 0 
-10 -2 0 
-10 -3 0 
-10 -4 0 
-10 -5 0 
-10 -6 0 
-10 -7 0 
-10 -8 0 
-10 -9 0 
-10 -11 0 
-10 -12 0 
-10 -21 0 
-10 -22 0 
-10 -23 0 
-10 -32 0 
-10 -34 0 
-10 -36 0 
-10 -43 0 
-10 -46 0 
-10 -54 0 
-10 -58 0 
-10 -65 0 
-10 -70 0 
-10 -76 0 
-10 -82 0 
-10 -87 0 
-10 -94 0 
-10 -98 0 
-10 -106 0 
-10 -109 0 
-10 -118 0 
-10 -130 0 
-10 -142 0 
-11 -1 0 
-11 -2 0 
-11 -3 0 
-11 -4 0 
-11 -5 0 
-11 -6 0 
-11 -7 0 
-11 -8 0 
-11 -9 0 
-11 -10 0 
-11 -12 0 
-11 -22 0 
-11 -23 0 
-11 -24 0 
-11 -33 0 
-11 -35 0 
-11 -44 0 
-11 -47 0 
-11 -55 0 
-11 -59 0 
-11 -66 0 
-11 -71 0 
-11 -77 0 
-11 -83 0 
-11 -88 0 
-11 -95 0 
-11 -99 0 
-11 -107 0 
-11 -110 0 
-11 -119 0 
-11 -121 0 
-11 -131 0 
-11 -143 0 
-12 -1 0 
-12 -2 0 
-12 -3 0 
-12 -4 0 
-12 -5 0 
-12 -6 0 
-12 -7 0 
-12 -8 0 
-12 -9 0 
-12 -10 0 
-12 -11 0 
-12 -23 0 
-12 -24 0 
-12 -34 0 
-12 -36 0 
-12 -45 0 
-12 -48 0 
-12 -56 0 
-12 -60 0 
-12 -67 0 
-12 -72 0 
-12 -78 0 
-12 -84 0 
-12 -89 0 
-12 -96 0 
-12 -100 0 
-12 -108 0 
-12 -111 0 
-12 -120 0 
-12 -122 0 
-12 -132 0 
-12 -133 0 
-12 -144 0 
-13 -1 0 
-13 -2 0 
-13 -14 0 
-13 -15 0 
-13 -16 0 
-13 -17 0 
-13 -18 0 
-13 -19 0 
-13 -20 0 
-13 -21 0 
-13 -22 0 
-13 -23 0 
-13 -24 0 
-13 -25 0 
-13 -26 0 
-13 -37 0 
-13 -39 0 
-13 -49 0 
-13 -52 0 
-13 -61 0 
-13 -65 0 
-13 -73 0 
-13 -78 0 
-13 -85 0 
-13 -91 0 
-13 -97 0 
-13 -104 0 
-13 -109 0 
-13 -117 0 
-13 -121 0 
-13 -130 0 
-13 -133 0 
-13 -143 0 
-14 -1 0 
-14 -2 0 
-14 -3 0 
-14 -13 0 
-14 -15 0 
-14 -16 0 
-14 -17 0 
-14 -18 0 
-14 -19 0 
-14 -20 0 
-14 -21 0 
-14 -22 0 
-14 -23 0 
-14 -24 0 
-14 -25 0 
-14 -26 0 
-14 -27 0 
-14 -38 0 
-14 -40 0 
-14 -50 0 
-14 -53 0 
-14 -62 0 
-14 -66 0 
-14 -74 0 
-14 -79 0 
-14 -86 0 
-14 -92 0 
-14 -98 0 
-14 -105 0 
-14 -110 0 
-14 -118 0 
-14 -122 0 
-14 -131 0 
-14 -134 0 
-14 -144 0 
-15 -2 0 
-15 -3 0 
-15 -4 0 
-15 -13 0 
-15 -14 0 
-15 -16 0 
-15 -17 0 
-15 -18 0 
-15 -19 0 
-15 -20 0 
-15 -21 0 
-15 -22 0 
-15 -23 0 
-15 -24 0 
-15 -26 0 
-15 -27 0 
-15 -28 0 
-15 -37 0 
-15 -39 0 
-15 -41 0 
-15 -51 0 
-15 -54 0 
-15 -63 0 
-15 -67 0 
-15 -75 0 
-15 -80 0 
-15 -87 0 
-15 -93 0 
-15 -99 0 
-15 -106 0 
-15 -111 0 
-15 -119 0 
-15 -123 0 
-15 -132 0 
-15 -135 0 
-16 -3 0 
-16 -4 0 
-16 -5 0 
-16 -13 0 
-16 -14 0 
-16 -15 0 
-16 -17 0 
-16 -18 0 
-16 -19 0 
-16 -20 0 
-16 -21 0 
-16 -22 0 
-16 -23 0 
-16 -24 0 
-16 -27 0 
-16 -28 0 
-16 -29 0 
-16 -38 0 
-16 -40 0 
-16 -42 0 
-16 -49 0 
-16 -52 0 
-16 -55 0 
-16 -64 0 
-16 -68 0 
-16 -76 0 
-16 -81 0 
-16 -88 0 
-16 -94 0 
-16 -100 0 
-16 -107 0 
-16 -112 0 
-16 -120 0 
-16 -124 0 
-16 -136 0 
-17 -4 0 
-17 -5 0 
-17 -6 0 
-17 -13 0 
-17 -14 0 
-17 -15 0 
-17 -16 0 
-17 -18 0 
-17 -19 0 
-17 -20 0 
-17 -21 0 
-17 -22 0 
-17 -23 0 
-17 -24 0 
-17 -28 0 
-17 -29 0 
-17 -30 0 
-17 -39 0 
-17 -41 0 
-17 -43 0 
-17 -50 0 
-17 -53 0 
-17 -56 0 
-17 -61 0 
-17 -65 0 
-17 -69 0 
-17 -77 0 
-17 -82 0 
-17 -89 0 
-17 -95 0 
-17 -101 0 
-17 -108 0 
-17 -113 0 
-17 -125 0 
-17 -137 0 
-18 -5 0 
-18 -6 0 
-18 -7 0 
-18 -13 0 
-18 -14 0 
-18 -15 0 
-18 -16 0 
-18 -17 0 
-18 -19 0 
-18 -20 0 
-18 -21 0 
-18 -22 0 
-18 -23 0 
-18 -24 0 
-18 -29 0 
-18 -30 0 
-18 -31 0 
-18 -40 0 
-18 -42 0 
-18 -44 0 
-18 -51 0 
-18 -54 0 
-18 -57 0 
-18 -62 0 
-18 -66 0 
-18 -70 0 
-18 -73 0 
-18 -78 0 
-18 -83 0 
-18 -90 0 
-18 -96 0 
-18 -102 0 
-18 -114 0 
-18 -126 0 
-18 -138 0 
-19 -6 0 
-19 -7 0 
-19 -8 0 
-19 -13 0 
-19 -14 0 
-19 -15 0 
-19 -16 0 
-19 -17 0 
-19 -18 0 
-19 -20 0 
-19 -21 0 
-19 -22 0 
-19 -23 0 
-19 -24 0 
-19 -30 0 
-19 -31 0 
-19 -32 0 
-19 -41 0 
-19 -43 0 
-19 -45 0 
-19 -52 0 
-19 -55 0 
-19 -58 0 
-19 -63 0 
-19 -67 0 
-19 -71 0 
-19 -74 0 
-19 -79 0 
-19 -84 0 
-19 -85 0 
-19 -91 0 
-19 -103 0 
-19 -115 0 
-19 -127 0 
-19 -139 0 
-20 -7 0 
-20 -8 0 
-20 -9 0 
-20 -13 0 
-20 -14 0 
-20 -15 0 
-20 -16 0 
-20 -17 0 
-20 -18 0 
-20 -19 0 
-20 -21 0 
-20 -22 0 
-20 -23 0 
-20 -24 0 
-20 -31 0 
-20 -32 0 
-20 -33 0 
-20 -42 0 
-20 -44 0 
-20 -46 0 
-20 -53 0 
-20 -56 0 
-20 -59 0 
-20 -64 0 
-20 -68 0 
-20 -72 0 
-20 -75 0 
-20 -80 0 
-20 -86 0 
-20 -92 0 
-20 -97 0 
-20 -104 0 
-20 -116 0 
-20 -128 0 
-20 -140 0 
-21 -8 0 
-21 -9 0 
-21 -10 0 
-21 -13 0 
-21 -14 0 
-21 -15 0 
-21 -16 0 
-21 -17 0 
-21 -18 0 
-21 -19 0 
-21 -20 0 
-21 -22 0 
-21 -23 0 
-21 -24 0 
-21 -32 0 
-21 -33 0 
-21 -34 0 
-21 -43 0 
-21 -45 0 
-21 -47 0 
-21 -54 0 
-21 -57 0 
-21 -60 0 
-21 -65 0 
-21 -69 0 
-21 -76 0 
-21 -81 0 
-21 -87 0 
-21 -93 0 
-21 -98 0 
-21 -105 0 
-21 -109 0 
-21 -117 0 
-21 -129 0 
-21 -141 0 
-22 -9 0 
-22 -10 0 
-22 -11 0 
-22 -13 0 
-22 -14 0 
-22 -15 0 
-22 -16 0 
-22 -17 0 
-22 -18 0 
-22 -19 0 
-22 -20 0 
-22 -21 0 
-22 -23 0 
-22 -24 0 
-22 -33 0 
-22 -34 0 
-22 -35 0 
-22 -44 0 
-22 -46 0 
-22 -48 0 
-22 -55 0 
-22 -58 0 
-22 -66 0 
-22 -70 0 
-22 -77 0 
-22 -82 0 
-22 -88 0 
-22 -94 0 
-22 -99 0 
-22 -106 0 
-22 -110 0 
-22 -118 0 
-22 -121 0 
-22 -130 0 
-22 -142 0 
-23 -10 0 
-23 -11 0 
-23 -12 0 
-23 -13 0 
-23 -14 0 
-23 -15 0 
-23 -16 0 
-23 -17 0 
-23 -18 0 
-23 -19 0 
-23 -20 0 
-23 -21 0 
-23 -22 0 
-23 -24 0 
-23 -34 0 
-23 -35 0 
-23 -36 0 
-23 -45 0 
-23 -47 0 
-23 -56 0 
-23 -59 0 
-23 -67 0 
-23 -71 0 
-23 -78 0 
-23 -83 0 
-23 -89 0 
-23 -95 0 
-23 -100 0 
-23 -107 0 
-23 -111 0 
-23 -119 0 
-23 -122 0 
-23 -131 0 
-23 -133 0 
-23 -143 0 
-24 -11 0 
-24 -12 0 
-24 -13 0 
-24 -14 0 
-24 -15 0 
-24 -16 0 
-24 -17 0 
-24 -18 0 
-24 -19 0 
-24 -20 0 
-24 -21 0 
-24 -22 0 
-24 -23 0 
-24 -35 0 
-24 -36 0 
-24 -46 0 
-24 -48 0 
-24 -57 0 
-24 -60 0 
-24 -68 0 
-24 -72 0 
-24 -79 0 
-24 -84 0 
-24 -90 0 
-24 -96 0 
-24 -101 0 
-24 -108 0 
-24 -112 0 
-24 -120 0 
-24 -123 0 
-24 -132 0 
-24 -134 0 
-24 -144 0 
-25 -1 0 
-25 -3 0 
-25 -13 0 
-25 -14 0 
-25 -26 0 
-25 -27 0 
-25 -28 0 
-25 -29 0 
-25 -30 0 
-25 -31 0 
-25 -32 0 
-25 -33 0 
-25 -34 0 
-25 -35 0 
-25 -36 0 
-25 -37 0 
-25 -38 0 
-25 -49 0 
-25 -51 0 
-25 -61 0 
-25 -64 0 
-25 -73 0 
-25 -77 0 
-25 -85 0 
-25 -90 0 
-25 -97 0 
-25 -103 0 
-25 -109 0 
-25 -116 0 
-25 -121 0 
-25 -129 0 
-25 -133 0 
-25 -142 0 
-26 -2 0 
-26 -4 0 
-26 -13 0 
-26 -14 0 
-26 -15 0 
-26 -25 0 
-26 -27 0 
-26 -28 0 
-26 -29 0 
-26 -30 0 
-26 -31 0 
-26 -32 0 
-26 -33 0 
-26 -34 0 
-26 -35 0 
-26 -36 0 
-26 -37 0 
-26 -38 0 
-26 -39 0 
-26 -50 0 
-26 -52 0 
-26 -62 0 
-26 -65 0 
-26 -74 0 
-26 -78 0 
-26 -86 0 
-26 -91 0 
-26 -98 0 
-26 -104 0 
-26 -110 0 
-26 -117 0 
-26 -122 0 
-26 -130 0 
-26 -134 0 
-26 -143 0 
-27 -1 0 
-27 -3 0 
-27 -5 0 
-27 -14 0 
-27 -15 0 
-27 -16 0 
-27 -25 0 
-27 -26 0 
-27 -28 0 
-27 -29 0 
-27 -30 0 
-27 -31 0 
-27 -32 0 
-27 -33 0 
-27 -34 0 
-27 -35 0 
-27 -36 0 
-27 -38 0 
-27 -39 0 
-27 -40 0 
-27 -49 0 
-27 -51 0 
-27 -53 0 
-27 -63 0 
-27 -66 0 
-27 -75 0 
-27 -79 0 
-27 -87 0 
-27 -92 0 
-27 -99 0 
-27 -105 0 
-27 -111 0 
-27 -118 0 
-27 -123 0 
-27 -131 0 
-27 -135 0 
-27 -144 0 
-28 -2 0 
-28 -4 0 
-28 -6 0 
-28 -15 0 
-28 -16 0 
-28 -17 0 
-28 -25 0 
-28 -26 0 
-28 -27 0 
-28 -29 0 
-28 -30 0 
-28 -31 0 
-28 -32 0 
-28 -33 0 
-28 -34 0 
-28 -35 0 
-28 -36 0 
-28 -39 0 
-28 -40 0 
-28 -41 0 
-28 -50 0 
-28 -52 0 
-28 -54 0 
-28 -61 0 
-28 -64 0 
-28 -67 0 
-28 -76 0 
-28 -80 0 
-28 -88 0 
-28 -93 0 
-28 -100 0 
-28 -106 0 
-28 -112 0 
-28 -119 0 
-28 -124 0 
-28 -132 0 
-28 -136 0 
-29 -3 0 
-29 -5 0 
-29 -7 0 
-29 -16 0 
-29 -17 0 
-29 -18 0 
-29 -25 0 
-29 -26 0 
-29 -27 0 
-29 -28 0 
-29 -30 0 
-29 -31 0 
-29 -32 0 
-29 -33 0 
-29 -34 0 
-29 -35 0 
-29 -36 0 
-29 -40 0 
-29 -41 0 
-29 -42 0 
-29 -51 0 
-29 -53 0 
-29 -55 0 
-29 -62 0 
-29 -65 0 
-29 -68 0 
-29 -73 0 
-29 -77 0 
-29 -81 0 
-29 -89 0 
-29 -94 0 
-29 -101 0 
-29 -107 0 
-29 -113 0 
-29 -120 0 
-29 -125 0 
-29 -137 0 
-30 -4 0 
-30 -6 0 
-30 -8 0 
-30 -17 0 
-30 -18 0 
-30 -19 0 
-30 -25 0 
-30 -26 0 
-30 -27 0 
-30 -28 0 
-30 -29 0 
-30 -31 0 
-30 -32 0 
-30 -33 0 
-30 -34 0 
-30 -35 0 
-30 -36 0 
-30 -41 0 
-30 -42 0 
-30 -43 0 
-30 -52 0 
-30 -54 0 
-30 -56 0 
-30 -63 0 
-30 -66 0 
-30 -69 0 
-30 -74 0 
-30 -78 0 
-30 -82 0 
-30 -85 0 
-30 -90 0 
-30 -95 0 
-30 -102 0 
-30 -108 0 
-30 -114 0 
-30 -126 0 
-30 -138 0 
-31 -5 0 
-31 -7 0 
-31 -9 0 
-31 -18 0 
-31 -19 0 
-31 -20 0 
-31 -25 0 
-31 -26 0 
-31 -27 0 
-31 -28 0 
-31 -29 0 
-31 -30 0 
-31 -32 0 
-31 -33 0 
-31 -34 0 
-31 -35 0 
-31 -36 0 
-31 -42 0 
-31 -43 0 
-31 -44 0 
-31 -53 0 
-31 -55 0 
-31 -57 0 
-31 -64 0 
-31 -67 0 
-31 -70 0 
-31 -75 0 
-31 -79 0 
-31 -83 0 
-31 -86 0 
-31 -91 0 
-31 -96 0 
-31 -97 0 
-31 -103 0 
-31 -115 0 
-31 -127 0 
-31 -139 0 
-32 -6 0 
-32 -8 0 
-32 -10 0 
-32 -19 0 
-32 -20 0 
-32 -21 0 
-32 -25 0 
-32 -26 0 
-32 -27 0 
-32 -28 0 
-32 -29 0 
-32 -30 0 
-32 -31 0 
-32 -33 0 
-32 -34 0 
-32 -35 0 
-32 -36 0 
-32 -43 0 
-32 -44 0 
-32 -45 0 
-32 -54 0 
-32 -56 0 
-32 -58 0 
-32 -65 0 
-32 -68 0 
-32 -71 0 
-32 -76 0 
-32 -80 0 
-32 -84 0 
-32 -87 0 
-32 -92 0 
-32 -98 0 
-32 -104 0 
-32 -109 0 
-32 -116 0 
-32 -128 0 
-32 -140 0 
-33 -7 0 
-33 -9 0 
-33 -11 0 
-33 -20 0 
-33 -21 0 
-33 -22 0 
-33 -25 0 
-33 -26 0 
-33 -27 0 
-33 -28 0 
-33 -29 0 
-33 -30 0 
-33 -31 0 
-33 -32 0 
-33 -34 0 
-33 -35 0 
-33 -36 0 
-33 -44 0 
-33 -45 0 
-33 -46 0 
-33 -55 0 
-33 -57 0 
-33 -59 0 
-33 -66 0 
-33 -69 0 
-33 -72 0 
-33 -77 0 
-33 -81 0 
-33 -88 0 
-33 -93 0 
-33 -99 0 
-33 -105 0 
-33 -110 0 
-33 -117 0 
-33 -121 0 
-33 -129 0 
-33 -141 0 
-34 -8 0 
-34 -10 0 
-34 -12 0 
-34 -21 0 
-34 -22 0 
-34 -23 0 
-34 -25 0 
-34 -26 0 
-34 -27 0 
-34 -28 0 
-34 -29 0 
-34 -30 0 
-34 -31 0 
-34 -32 0 
-34 -33 0 
-34 -35 0 
-34 -36 0 
-34 -45 0 
-34 -46 0 
-34 -47 0 
-34 -56 0 
-34 -58 0 
-34 -60 0 
-34 -67 0 
-34 -70 0 
-34 -78 0 
-34 -82 0 
-34 -89 0 
-34 -94 0 
-34 -100 0 
-34 -106 0 
-34 -111 0 
-34 -118 0 
-34 -122 0 
-34 -130 0 
-34 -133 0 
-34 -142 0 
-35 -9 0 
-35 -11 0 
-35 -22 0 
-35 -23 0 
-35 -24 0 
-35 -25 0 
-35 -26 0 
-35 -27 0 
-35 -28 0 
-35 -29 0 
-35 -30 0 
-35 -31 0 
-35 -32 0 
-35 -33 0 
-35 -34 0 
-35 -36 0 
-35 -46 0 
-35 -47 0 
-35 -48 0 
-35 -57 0 
-35 -59 0 
-35 -68 0 
-35 -71 0 
-35 -79 0 
-35 -83 0 
-35 -90 0 
-35 -95 0 
-35 -101 0 
-35 -107 0 
-35 -112 0 
-35 -119 0 
-35 -123 0 
-35 -131 0 
-35 -134 0 
-35 -143 0 
-36 -10 0 
-36 -12 0 
-36 -23 0 
-36 -24 0 
-36 -25 0 
-36 -26 0 
-36 -27 0 
-36 -28 0 
-36 -29 0 
-36 -30 0 
-36 -31 0 
-36 -32 0 
-36 -33 0 
-36 -34 0 
-36 -35 0 
-36 -47 0 
-36 -48 0 
-36 -58 0 
-36 -60 0 
-36 -69 0 
-36 -72 0 
-36 -80 0 
-36 -84 0 
-36 -91 0 
-36 -96 0 
-36 -102 0 
-36 -108 0 
-36 -113 0 
-36 -120 0 
-36 -124 0 
-36 -132 0 
-36 -135 0 
-36 -144 0 
-37 -1 0 
-37 -4 0 
-37 -13 0 
-37 -15 0 
-37 -25 0 
-37 -26 0 
-37 -38 0 
-37 -39 0 
-37 -40 0 
-37 -41 0 
-37 -42 0 
-37 -43 0 
-37 -44 0 
-37 -45 0 
-37 -46 0 
-37 -47 0 
-37 -48 0 
-37 -49 0 
-37 -50 0 
-37 -61 0 
-37 -63 0 
-37 -73 0 
-37 -76 0 
-37 -85 0 
-37 -89 0 
-37 -97 0 
-37 -102 0 
-37 -109 0 
-37 -115 0 
-37 -121 0 
-37 -128 0 
-37 -133 0 
-37 -141 0 
-38 -2 0 
-38 -5 0 
-38 -14 0 
-38 -16 0 
-38 -25 0 
-38 -26 0 
-38 -27 0 
-38 -37 0 
-38 -39 0 
-38 -40 0 
-38 -41 0 
-38 -42 0 
-38 -43 0 
-38 -44 0 
-38 -45 0 
-38 -46 0 
-38 -47 0 
-38 -48 0 
-38 -49 0 
-38 -50 0 
-38 -51 0 
-38 -62 0 
-38 -64 0 
-38 -74 0 
-38 -77 0 
-38 -86 0 
-38 -90 0 
-38 -98 0 
-38 -103 0 
-38 -110 0 
-38 -116 0 
-38 -122 0 
-38 -129 0 
-38 -134 0 
-38 -142 0 
-39 -3 0 
-39 -6 0 
-39 -13 0 
-39 -15 0 
-39 -17 0 
-39 -26 0 
-39 -27 0 
-39 -28 0 
-39 -37 0 
-39 -38 0 
-39 -40 0 
-39 -41 0 
-39 -42 0 
-39 -43 0 
-39 -44 0 
-39 -45 0 
-39 -46 0 
-39 -47 0 
-39 -48 0 
-39 -50 0 
-39 -51 0 
-39 -52 0 
-39 -61 0 
-39 -63 0 
-39 -65 0 
-39 -75 0 
-39 -78 0 
-39 -87 0 
-39 -91 0 
-39 -99 0 
-39 -104 0 
-39 -111 0 
-39 -117 0 
-39 -123 0 
-39 -130 0 
-39 -135 0 
-39 -143 0 
-40 -1 0 
-40 -4 0 
-40 -7 0 
-40 -14 0 
-40 -16 0 
-40 -18 0 
-40 -27 0 
-40 -28 0 
-40 -29 0 
-40 -37 0 
-40 -38 0 
-40 -39 0 
-40 -41 0 
-40 -42 0 
-40 -43 0 
-40 -44 0 
-40 -45 0 
-40 -46 0 
-40 -47 0 
-40 -48 0 
-40 -51 0 
-40 -52 0 
-40 -53 0 
-40 -62 0 
-40 -64 0 
-40 -66 0 
-40 -73 0 
-40 -76 0 
-40 -79 0 
-40 -88 0 
-40 -92 0 
-40 -100 0 
-40 -105 0 
-40 -112 0 
-40 -118 0 
-40 -124 0 
-40 -131 0 
-40 -136 0 
-40 -144 0 
-41 -2 0 
-41 -5 0 
-41 -8 0 
-41 -15 0 
-41 -17 0 
-41 -19 0 
-41 -28 0 
-41 -29 0 
-41 -30 0 
-41 -37 0 
-41 -38 0 
-41 -39 0 
-41 -40 0 
-41 -42 0 
-41 -43 0 
-41 -44 0 
-41 -45 0 
-41 -46 0 
-41 -47 0 
-41 -48 0 
-41 -52 0 
-41 -53 0 
-41 -54 0 
-41 -63 0 
-41 -65 0 
-41 -67 0 
-41 -74 0 
-41 -77 0 
-41 -80 0 
-41 -85 0 
-41 -89 0 
-41 -93 0 
-41 -101 0 
-41 -106 0 
-41 -113 0 
-41 -119 0 
-41 -125 0 
-41 -132 0 
-41 -137 0 
-42 -3 0 
-42 -6 0 
-42 -9 0 
-42 -16 0 
-42 -18 0 
-42 -20 0 
-42 -29 0 
-42 -30 0 
-42 -31 0 
-42 -37 0 
-42 -38 0 
-42 -39 0 
-42 -40 0 
-42 -41 0 
-42 -43 0 
-42 -44 0 
-42 -45 0 
-42 -46 0 
-42 -47 0 
-42 -48 0 
-42 -53 0 
-42 -54 0 
-42 -55 0 
-42 -64 0 
-42 -66 0 
-42 -68 0 
-42 -75 0 
-42 -78 0 
-42 -81 0 
-42 -86 0 
-42 -90 0 
-42 -94 0 
-42 -97 0 
-42 -102 0 
-42 -107 0 
-42 -114 0 
-42 -120 0 
-42 -126 0 
-42 -138 0 
-43 -4 0 
-43 -7 0 
-43 -10 0 
-43 -17 0 
-43 -19 0 
-43 -21 0 
-43 -30 0 
-43 -31 0 
-43 -32 0 
-43 -37 0 
-43 -38 0 
-43 -39 0 
-43 -40 0 
-43 -41 0 
-43 -42 0 
-43 -44 0 
-43 -45 0 
-43 -46 0 
-43 -47 0 
-43 -48 0 
-43 -54 0 
-43 -55 0 
-43 -56 0 
-43 -65 0 
-43 -67 0 
-43 -69 0 
-43 -76 0 
-43 -79 0 
-43 -82 0 
-43 -87 0 
-43 -91 0 
-43 -95 0 
-43 -98 0 
-43 -103 0 
-43 -108 0 
-43 -109 0 
-43 -115 0 
-43 -127 0 
-43 -139 0 
-44 -5 0 
-44 -8 0 
-44 -11 0 
-44 -18 0 
-44 -20 0 
-44 -22 0 
-44 -31 0 
-44 -32 0 
-44 -33 0 
-44 -37 0 
-44 -38 0 
-44 -39 0 
-44 -40 0 
-44 -41 0 
-44 -42 0 
-44 -43 0 
-44 -45 0 
-44 -46 0 
-44 -47 0 
-44 -48 0 
-44 -55 0 
-44 -56 0 
-44 -57 0 
-44 -66 0 
-44 -68 0 
-44 -70 0 
-44 -77 0 
-44 -80 0 
-44 -83 0 
-44 -88 0 
-44 -92 0 
-44 -96 0 
-44 -99 0 
-44 -104 0 
-44 -110 0 
-44 -116 0 
-44 -121 0 
-44 -128 0 
-44 -140 0 
-45 -6 0 
-45 -9 0 
-45 -12 0 
-45 -19 0 
-45 -21 0 
-45 -23 0 
-45 -32 0 
-45 -33 0 
-45 -34 0 
-45 -37 0 
-45 -38 0 
-45 -39 0 
-45 -40 0 
-45 -41 0 
-45 -42 0 
-45 -43 0 
-45 -44 0 
-45 -46 0 
-45 -47 0 
-45 -48 0 
-45 -56 0 
-45 -57 0 
-45 -58 0 
-45 -67 0 
-45 -69 0 
-45 -71 0 
-45 -78 0 
-45 -81 0 
-45 -84 0 
-45 -89 0 
-45 -93 0 
-45 -100 0 
-45 -105 0 
-45 -111 0 
-45 -117 0 
-45 -122 0 
-45 -129 0 
-45 -133 0 
-45 -141 0 
-46 -7 0 
-46 -10 0 
-46 -20 0 
-46 -22 0 
-46 -24 0 
-46 -33 0 
-46 -34 0 
-46 -35 0 
-46 -37 0 
-46 -38 0 
-46 -39 0 
-46 -40 0 
-46 -41 0 
-46 -42 0 
-46 -43 0 
-46 -44 0 
-46 -45 0 
-46 -47 0 
-46 -48 0 
-46 -57 0 
-46 -58 0 
-46 -59 0 
-46 -68 0 
-46 -70 0 
-46 -72 0 
-46 -79 0 
-46 -82 0 
-46 -90 0 
-46 -94 0 
-46 -101 0 
-46 -106 0 
-46 -112 0 
-46 -118 0 
-46 -123 0 
-46 -130 0 
-46 -134 0 
-46 -142 0 
-47 -8 0 
-47 -11 0 
-47 -21 0 
-47 -23 0 
-47 -34 0 
-47 -35 0 
-47 -36 0 
-47 -37 0 
-47 -38 0 
-47 -39 0 
-47 -40 0 
-47 -41 0 
-47 -42 0 
-47 -43 0 
-47 -44 0 
-47 -45 0 
-47 -46 0 
-47 -48 0 
-47 -58 0 
-47 -59 0 
-47 -60 0 
-47 -69 0 
-47 -71 0 
-47 -80 0 
-47 -83 0 
-47 -91 0 
-47 -95 0 
-47 -102 0 
-47 -107 0 
-47 -113 0 
-47 -119 0 
-47 -124 0 
-47 -131 0 
-47 -135 0 
-47 -143 0 
-48 -9 0 
-48 -12 0 
-48 -22 0 
-48 -24 0 
-48 -35 0 
-48 -36 0 
-48 -37 0 
-48 -38 0 
-48 -39 0 
-48 -40 0 
-48 -41 0 
-48 -42 0 
-48 -43 0 
-48 -44 0 
-48 -45 0 
-48 -46 0 
-48 -47 0 
-48 -59 0 
-48 -60 0 
-48 -70 0 
-48 -72 0 
-48 -81 0 
-48 -84 0 
-48 -92 0 
-48 -96 0 
-48 -103 0 
-48 -108 0 
-48 -114 0 
-48 -120 0 
-48 -125 0 
-48 -132 0 
-48 -136 0 
-48 -144 0 
-49 -1 0 
-49 -5 0 
-49 -13 0 
-49 -16 0 
-49 -25 0 
-49 -27 0 
-49 -37 0 
-49 -38 0 
-49 -50 0 
-49 -51 0 
-49 -52 0 
-49 -53 0 
-49 -54 0 
-49 -55 0 
-49 -56 0 
-49 -57 0 
-49 -58 0 
-49 -59 0 
-49 -60 0 
-49 -61 0 
-49 -62 0 
-49 -73 0 
-49 -75 0 
-49 -85 0 
-49 -88 0 
-49 -97 0 
-49 -101 0 
-49 -109 0 
-49 -114 0 
-49 -121 0 
-49 -127 0 
-49 -133 0 
-49 -140 0 
-50 -2 0 
-50 -6 0 
-50 -14 0 
-50 -17 0 
-50 -26 0 
-50 -28 0 
-50 -37 0 
-50 -38 0 
-50 -39 0 
-50 -49 0 
-50 -51 0 
-50 -52 0 
-50 -53 0 
-50 -54 0 
-50 -55 0 
-50 -56 0 
-50 -57 0 
-50 -58 0 
-50 -59 0 
-50 -60 0 
-50 -61 0 
-50 -62 0 
-50 -63 0 
-50 -74 0 
-50 -76 0 
-50 -86 0 
-50 -89 0 
-50 -98 0 
-50 -102 0 
-50 -110 0 
-50 -115 0 
-50 -122 0 
-50 -128 0 
-50 -134 0 
-50 -141 0 
-51 -3 0 
-51 -7 0 
-51 -15 0 
-51 -18 0 
-51 -25 0 
-51 -27 0 
-51 -29 0 
-51 -38 0 
-51 -39 0 
-51 -40 0 
-51 -49 0 
-51 -50 0 
-51 -52 0 
-51 -53 0 
-51 -54 0 
-51 -55 0 
-51 -56 0 
-51 -57 0 
-51 -58 0 
-51 -59 0 
-51 -60 0 
-51 -62 0 
-51 -63 0 
-51 -64 0 
-51 -73 0 
-51 -75 0 
-51 -77 0 
-51 -87 0 
-51 -90 0 
-51 -99 0 
-51 -103 0 
-51 -111 0 
-51 -116 0 
-51 -123 0 
-51 -129 0 
-51 -135 0 
-51 -142 0 
-52 -4 0 
-52 -8 0 
-52 -13 0 
-52 -16 0 
-52 -19 0 
-52 -26 0 
-52 -28 0 
-52 -30 0 
-52 -39 0 
-52 -40 0 
-52 -41 0 
-52 -49 0 
-52 -50 0 
-52 -51 0 
-52 -53 0 
-52 -54 0 
-52 -55 0 
-52 -56 0 
-52 -57 0 
-52 -58 0 
-52 -59 0 
-52 -60 0 
-52 -63 0 
-52 -64 0 
-52 -65 0 
-52 -74 0 
-52 -76 0 
-52 -78 0 
-52 -85 0 
-52 -88 0 
-52 -91 0 
-52 -100 0 
-52 -104 0 
-52 -112 0 
-52 -117 0 
-52 -124 0 
-52 -130 0 
-52 -136 0 
-52 -143 0 
-53 -1 0 
-53 -5 0 
-53 -9 0 
-53 -14 0 
-53 -17 0 
-53 -20 0 
-53 -27 0 
-53 -29 0 
-53 -31 0 
-53 -40 0 
-53 -41 0 
-53 -42 0 
-53 -49 0 
-53 -50 0 
-53 -51 0 
-53 -52 0 
-53 -54 0 
-53 -55 0 
-53 -56 0 
-53 -57 0 
-53 -58 0 
-53 -59 0 
-53 -60 0 
-53 -64 0 
-53 -65 0 
-53 -66 0 
-53 -75 0 
-53 -77 0 
-53 -79 0 
-53 -86 0 
-53 -89 0 
-53 -92 0 
-53 -97 0 
-53 -101 0 
-53 -105 0 
-53 -113 0 
-53 -118 0 
-53 -125 0 
-53 -131 0 
-53 -137 0 
-53 -144 0 
-54 -2 0 
-54 -6 0 
-54 -10 0 
-54 -15 0 
-54 -18 0 
-54 -21 0 
-54 -28 0 
-54 -30 0 
-54 -32 0 
-54 -41 0 
-54 -42 0 
-54 -43 0 
-54 -49 0 
-54 -50 0 
-54 -51 0 
-54 -52 0 
-54 -53 0 
-54 -55 0 
-54 -56 0 
-54 -57 0 
-54 -58 0 
-54 -59 0 
-54 -60 0 
-54 -65 0 
-54 -66 0 
-54 -67 0 
-54 -76 0 
-54 -78 0 
-54 -80 0 
-54 -87 0 
-54 -90 0 
-54 -93 0 
-54 -98 0 
-54 -102 0 
-54 -106 0 
-54 -109 0 
-54 -114 0 
-54 -119 0 
-54 -126 0 
-54 -132 0 
-54 -138 0 
-55 -3 0 
-55 -7 0 
-55 -11 0 
-55 -16 0 
-55 -19 0 
-55 -22 0 
-55 -29 0 
-55 -31 0 
-55 -33 0 
-55 -42 0 
-55 -43 0 
-55 -44 0 
-55 -49 0 
-55 -50 0 
-55 -51 0 
-55 -52 0 
-55 -53 0 
-55 -54 0 
-55 -56 0 
-55 -57 0 
-55 -58 0 
-55 -59 0 
-55 -60 0 
-55 -66 0 
-55 -67 0 
-55 -68 0 
-55 -77 0 
-55 -79 0 
-55 -81 0 
-55 -88 0 
-55 -91 0 
-55 -94 0 
-55 -99 0 
-55 -103 0 
-55 -107 0 
-55 -110 0 
-55 -115 0 
-55 -120 0 
-55 -121 0 
-55 -127 0 
-55 -139 0 
-56 -4 0 
-56 -8 0 
-56 -12 0 
-56 -17 0 
-56 -20 0 
-56 -23 0 
-56 -30 0 
-56 -32 0 
-56 -34 0 
-56 -43 0 
-56 -44 0 
-56 -45 0 
-56 -49 0 
-56 -50 0 
-56 -51 0 
-56 -52 0 
-56 -53 0 
-56 -54 0 
-56 -55 0 
-56 -57 0 
-56 -58 0 
-56 -59 0 
-56 -60 0 
-56 -67 0 
-56 -68 0 
-56 -69 0 
-56 -78 0 
-56 -80 0 
-56 -82 0 
-56 -89 0 
-56 -92 0 
-56 -95 0 
-56 -100 0 
-56 -104 0 
-56 -108 0 
-56 -111 0 
-56 -116 0 
-56 -122 0 
-56 -128 0 
-56 -133 0 
-56 -140 0 
-57 -5 0 
-57 -9 0 
-57 -18 0 
-57 -21 0 
-57 -24 0 
-57 -31 0 
-57 -33 0 
-57 -35 0 
-57 -44 0 
-57 -45 0 
-57 -46 0 
-57 -49 0 
-57 -50 0 
-57 -51 0 
-57 -52 0 
-57 -53 0 
-57 -54 0 
-57 -55 0 
-57 -56 0 
-57 -58 0 
-57 -59 0 
-57 -60 0 
-57 -68 0 
-57 -69 0 
-57 -70 0 
-57 -79 0 
-57 -81 0 
-57 -83 0 
-57 -90 0 
-57 -93 0 
-57 -96 0 
-57 -101 0 
-57 -105 0 
-57 -112 0 
-57 -117 0 
-57 -123 0 
-57 -129 0 
-57 -134 0 
-57 -141 0 
-58 -6 0 
-58 -10 0 
-58 -19 0 
-58 -22 0 
-58 -32 0 
-58 -34 0 
-58 -36 0 
-58 -45 0 
-58 -46 0 
-58 -47 0 
-58 -49 0 
-58 -50 0 
-58 -51 0 
-58 -52 0 
-58 -53 0 
-58 -54 0 
-58 -55 0 
-58 -56 0 
-58 -57 0 
-58 -59 0 
-58 -60 0 
-58 -69 0 
-58 -70 0 
-58 -71 0 
-58 -80 0 
-58 -82 0 
-58 -84 0 
-58 -91 0 
-58 -94 0 
-58 -102 0 
-58 -106 0 
-58 -113 0 
-58 -118 0 
-58 -124 0 
-58 -130 0 
-58 -135 0 
-58 -142 0 
-59 -7 0 
-59 -11 0 
-59 -20 0 
-59 -23 0 
-59 -33 0 
-59 -35 0 
-59 -46 0 
-59 -47 0 
-59 -48 0 
-59 -49 0 
-59 -50 0 
-59 -51 0 
-59 -52 0 
-59 -53 0 
-59 -54 0 
-59 -55 0 
-59 -56 0 
-59 -57 0 
-59 -58 0 
-59 -60 0 
-59 -70 0 
-59 -71 0 
-59 -72 0 
-59 -81 0 
-59 -83 0 
-59 -92 0 
-59 -95 0 
-59 -103 0 
-59 -107 0 
-59 -114 0 
-59 -119 0 
-59 -125 0 
-59 -131 0 
-59 -136 0 
-59 -143 0 
-60 -8 0 
-60 -12 0 
-60 -21 0 
-60 -24 0 
-60 -34 0 
-60 -36 0 
-60 -47 0 
-60 -48 0 
-60 -49 0 
-60 -50 0 
-60 -51 0 
-60 -52 0 
-60 -53 0 
-60 -54 0 
-60 -55 0 
-60 -56 0 
-60 -57 0 
-60 -58 0 
-60 -59 0 
-60 -71 0 
-60 -72 0 
-60 -82 0 
-60 -84 0 
-60 -93 0 
-60 -96 0 
-60 -104 0 
-60 -108 0 
-60 -115 0 
-60 -120 0 
-60 -126 0 
-60 -132 0 
-60 -137 0 
-60 -144 0 
-61 -1 0 
-61 -6 0 
-61 -13 0 
-61 -17 0 
-61 -25 0 
-61 -28 0 
-61 -37 0 
-61 -39 0 
-61 -49 0 
-61 -50 0 
-61 -62 0 
-61 -63 0 
-61 -64 0 
-61 -65 0 
-61 -66 0 
-61 -67 0 
-61 -68 0 
-61 -69 0 
-61 -70 0 
-61 -71 0 
-61 -72 0 
-61 -73 0 
-61 -74 0 
-61 -85 0 
-61 -87 0 
-61 -97 0 
-61 -100 0 
-61 -109 0 
-61 -113 0 
-61 -121 0 
-61 -126 0 
-61 -133 0 
-61 -139 0 
-62 -2 0 
-62 -7 0 
-62 -14 0 
-62 -18 0 
-62 -26 0 
-62 -29 0 
-62 -38 0 
-62 -40 0 
-62 -49 0 
-62 -50 0 
-62 -51 0 
-62 -61 0 
-62 -63 0 
-62 -64 0 
-62 -65 0 
-62 -66 0 
-62 -67 0 
-62 -68 0 
-62 -69 0 
-62 -70 0 
-62 -71 0 
-62 -72 0 
-62 -73 0 
-62 -74 0 
-62 -75 0 
-62 -86 0 
-62 -88 0 
-62 -98 0 
-62 -101 0 
-62 -110 0 
-62 -114 0 
-62 -122 0 
-62 -127 0 
-62 -134 0 
-62 -140 0 
-63 -3 0 
-63 -8 0 
-63 -15 0 
-63 -19 0 
-63 -27 0 
-63 -30 0 
-63 -37 0 
-63 -39 0 
-63 -41 0 
-63 -50 0 
-63 -51 0 
-63 -52 0 
-63 -61 0 
-63 -62 0 
-63 -64 0 
-63 -65 0 
-63 -66 0 
-63 -67 0 
-63 -68 0 
-63 -69 0 
-63 -70 0 
-63 -71 0 
-63 -72 0 
-63 -74 0 
-63 -75 0 
-63 -76 0 
-63 -85 0 
-63 -87 0 
-63 -89 0 
-63 -99 0 
-63 -102 0 
-63 -111 0 
-63 -115 0 
-63 -123 0 
-63 -128 0 
-63 -135 0 
-63 -141 0 
-64 -4 0 
-64 -9 0 
-64 -16 0 
-64 -20 0 
-64 -25 0 
-64 -28 0 
-64 -31 0 
-64 -38 0 
-64 -40 0 
-64 -42 0 
-64 -51 0 
-64 -52 0 
-64 -53 0 
-64 -61 0 
-64 -62 0 
-64 -63 0 
-64 -65 0 
-64 -66 0 
-64 -67 0 
-64 -68 0 
-64 -69 0 
-64 -70 0 
-64 -71 0 
-64 -72 0 
-64 -75 0 
-64 -76 0 
-64 -77 0 
-64 -86 0 
-64 -88 0 
-64 -90 0 
-64 -97 0 
-64 -100 0 
-64 -103 0 
-64 -112 0 
-64 -116 0 
-64 -124 0 
-64 -129 0 
-64 -136 0 
-64 -142 0 
-65 -5 0 
-65 -10 0 
-65 -13 0 
-65 -17 0 
-65 -21 0 
-65 -26 0 
-65 -29 0 
-65 -32 0 
-65 -39 0 
-65 -41 0 
-65 -43 0 
-65 -52 0 
-65 -53 0 
-65 -54 0 
-65 -61 0 
-65 -62 0 
-65 -63 0 
-65 -64 0 
-65 -66 0 
-65 -67 0 
-65 -68 0 
-65 -69 0 
-65 -70 0 
-65 -71 0 
-65 -72 0 
-65 -76 0 
-65 -77 0 
-65 -78 0 
-65 -87 0 
-65 -89 0 
-65 -91 0 
-65 -98 0 
-65 -101 0 
-65 -104 0 
-65 -109 0 
-65 -113 0 
-65 -117 0 
-65 -125 0 
-65 -130 0 
-65 -137 0 
-65 -143 0 
-66 -1 0 
-66 -6 0 
-66 -11 0 
-66 -14 0 
-66 -18 0 
-66 -22 0 
-66 -27 0 
-66 -30 0 
-66 -33 0 
-66 -40 0 
-66 -42 0 
-66 -44 0 
-66 -53 0 
-66 -54 0 
-66 -55 0 
-66 -61 0 
-66 -62 0 
-66 -63 0 
-66 -64 0 
-66 -65 0 
-66 -67 0 
-66 -68 0 
-66 -69 0 
-66 -70 0 
-66 -71 0 
-66 -72 0 
-66 -77 0 
-66 -78 0 
-66 -79 0 
-66 -88 0 
-66 -90 0 
-66 -92 0 
-66 -99 0 
-66 -102 0 
-66 -105 0 
-66 -110 0 
-66 -114 0 
-66 -118 0 
-66 -121 0 
-66 -126 0 
-66 -131 0 
-66 -138 0 
-66 -144 0 
-67 -2 0 
-67 -7 0 
-67 -12 0 
-67 -15 0 
-67 -19 0 
-67 -23 0 
-67 -28 0 
-67 -31 0 
-67 -34 0 
-67 -41 0 
-67 -43 0 
-67 -45 0 
-67 -54 0 
-67 -55 0 
-67 -56 0 
-67 -61 0 
-67 -62 0 
-67 -63 0 
-67 -64 0 
-67 -65 0 
-67 -66 0 
-67 -68 0 
-67 -69 0 
-67 -70 0 
-67 -71 0 
-67 -72 0 
-67 -78 0 
-67 -79 0 
-67 -80 0 
-67 -89 0 
-67 -91 0 
-67 -93 0 
-67 -100 0 
-67 -103 0 
-67 -106 0 
-67 -111 0 
-67 -115 0 
-67 -119 0 
-67 -122 0 
-67 -127 0 
-67 -132 0 
-67 -133 0 
-67 -139 0 
-68 -3 0 
-68 -8 0 
-68 -16 0 
-68 -20 0 
-68 -24 0 
-68 -29 0 
-68 -32 0 
-68 -35 0 
-68 -42 0 
-68 -44 0 
-68 -46 0 
-68 -55 0 
-68 -56 0 
-68 -57 0 
-68 -61 0 
-68 -62 0 
-68 -63 0 
-68 -64 0 
-68 -65 0 
-68 -66 0 
-68 -67 0 
-68 -69 0 
-68 -70 0 
-68 -71 0 
-68 -72 0 
-68 -79 0 
-68 -80 0 
-68 -81 0 
-68 -90 0 
-68 -92 0 
-68 -94 0 
-68 -101 0 
-68 -104 0 
-68 -107 0 
-68 -112 0 
-68 -116 0 
-68 -120 0 
-68 -123 0 
-68 -128 0 
-68 -134 0 
-68 -140 0 
-69 -4 0 
-69 -9 0 
-69 -17 0 
-69 -21 0 
-69 -30 0 
-69 -33 0 
-69 -36 0 
-69 -43 0 
-69 -45 0 
-69 -47 0 
-69 -56 0 
-69 -57 0 
-69 -58 0 
-69 -61 0 
-69 -62 0 
-69 -63 0 
-69 -64 0 
-69 -65 0 
-69 -66 0 
-69 -67 0 
-69 -68 0 
-69 -70 0 
-69 -71 0 
-69 -72 0 
-69 -80 0 
-69 -81 0 
-69 -82 0 
-69 -91 0 
-69 -93 0 
-69 -95 0 
-69 -102 0 
-69 -105 0 
-69 -108 0 
-69 -113 0 
-69 -117 0 
-69 -124 0 
-69 -129 0 
-69 -135 0 
-69 -141 0 
-70 -5 0 
-70 -10 0 
-70 -18 0 
-70 -22 0 
-70 -31 0 
-70 -34 0 
-70 -44 0 
-70 -46 0 
-70 -48 0 
-70 -57 0 
-70 -58 0 
-70 -59 0 
-70 -61 0 
-70 -62 0 
-70 -63 0 
-70 -64 0 
-70 -65 0 
-70 -66 0 
-70 -67 0 
-70 -68 0 
-70 -69 0 
-70 -71 0 
-70 -72 0 
-70 -81 0 
-70 -82 0 
-70 -83 0 
-70 -92 0 
-70 -94 0 
-70 -96 0 
-70 -103 0 
-70 -106 0 
-70 -114 0 
-70 -118 0 
-70 -125 0 
-70 -130 0 
-70 -136 0 
-70 -142 0 
-71 -6 0 
-71 -11 0 
-71 -19 0 
-71 -23 0 
-71 -32 0 
-71 -35 0 
-71 -45 0 
-71 -47 0 
-71 -58 0 
-71 -59 0 
-71 -60 0 
-71 -61 0 
-71 -62 0 
-71 -63 0 
-71 -64 0 
-71 -65 0 
-71 -66 0 
-71 -67 0 
-71 -68 0 
-71 -69 0 
-71 -70 0 
-71 -72 0 
-71 -82 0 
-71 -83 0 
-71 -84 0 
-71 -93 0 
-71 -95 0 
-71 -104 0 
-71 -107 0 
-71 -115 0 
-71 -119 0 
-71 -126 0 
-71 -131 0 
-71 -137 0 
-71 -143 0 
-72 -7 0 
-72 -12 0 
-72 -20 0 
-72 -24 0 
-72 -33 0 
-72 -36 0 
-72 -46 0 
-72 -48 0 
-72 -59 0 
-72 -60 0 
-72 -61 0 
-72 -62 0 
-72 -63 0 
-72 -64 0 
-72 -65 0 
-72 -66 0 
-72 -67 0 
-72 -68 0 
-72 -69 0 
-72 -70 0 
-72 -71 0 
-72 -83 0 
-72 -84 0 
-72 -94 0 
-72 -96 0 
-72 -105 0 
-72 -108 0 
-72 -116 0 
-72 -120 0 
-72 -127 0 
-72 -132 0 
-72 -138 0 
-72 -144 0 
-73 -1 0 
-73 -7 0 
-73 -13 0 
-73 -18 0 
-73 -25 0 
-73 -29 0 
-73 -37 0 
-73 -40 0 
-73 -49 0 
-73 -51 0 
-73 -61 0 
-73 -62 0 
-73 -74 0 
-73 -75 0 
-73 -76 0 
-73 -77 0 
-73 -78 0 
-73 -79 0 
-73 -80 0 
-73 -81 0 
-73 -82 0 
-73 -83 0 
-73 -84 0 
-73 -85 0 
-73 -86 0 
-73 -97 0 
-73 -99 0 
-73 -109 0 
-73 -112 0 
-73 -121 0 
-73 -125 0 
-73 -133 0 
-73 -138 0 
-74 -2 0 
-74 -8 0 
-74 -14 0 
-74 -19 0 
-74 -26 0 
-74 -30 0 
-74 -38 0 
-74 -41 0 
-74 -50 0 
-74 -52 0 
-74 -61 0 
-74 -62 0 
-74 -63 0 
-74 -73 0 
-74 -75 0 
-74 -76 0 
-74 -77 0 
-74 -78 0 
-74 -79 0 
-74 -80 0 
-74 -81 0 
-74 -82 0 
-74 -83 0 
-74 -84 0 
-74 -85 0 
-74 -86 0 
-74 -87 0 
-74 -98 0 
-74 -100 0 
-74 -110 0 
-74 -113 0 
-74 -122 0 
-74 -126 0 
-74 -134 0 
-74 -139 0 
-75 -3 0 
-75 -9 0 
-75 -15 0 
-75 -20 0 
-75 -27 0 
-75 -31 0 
-75 -39 0 
-75 -42 0 
-75 -49 0 
-75 -51 0 
-75 -53 0 
-75 -62 0 
-75 -63 0 
-75 -64 0 
-75 -73 0 
-75 -74 0 
-75 -76 0 
-75 -77 0 
-75 -78 0 
-75 -79 0 
-75 -80 0 
-75 -81 0 
-75 -82 0 
-75 -83 0 
-75 -84 0 
-75 -86 0 
-75 -87 0 
-75 -88 0 
-75 -97 0 
-75 -99 0 
-75 -101 0 
-75 -111 0 
-75 -114 0 
-75 -123 0 
-75 -127 0 
-75 -135 0 
-75 -140 0 
-76 -4 0 
-76 -10 0 
-76 -16 0 
-76 -21 0 
-76 -28 0 
-76 -32 0 
-76 -37 0 
-76 -40 0 
-76 -43 0 
-76 -50 0 
-76 -52 0 
-76 -54 0 
-76 -63 0 
-76 -64 0 
-76 -65 0 
-76 -73 0 
-76 -74 0 
-76 -75 0 
-76 -77 0 
-76 -78 0 
-76 -79 0 
-76 -80 0 
-76 -81 0 
-76 -82 0 
-76 -83 0 
-76 -84 0 
-76 -87 0 
-76 -88 0 
-76 -89 0 
-76 -98 0 
-76 -100 0 
-76 -102 0 
-76 -109 0 
-76 -112 0 
-76 -115 0 
-76 -124 0 
-76 -128 0 
-76 -136 0 
-76 -141 0 
-77 -5 0 
-77 -11 0 
-77 -17 0 
-77 -22 0 
-77 -25 0 
-77 -29 0 
-77 -33 0 
-77 -38 0 
-77 -41 0 
-77 -44 0 
-77 -51 0 
-77 -53 0 
-77 -55 0 
-77 -64 0 
-77 -65 0 
-77 -66 0 
-77 -73 0 
-77 -74 0 
-77 -75 0 
-77 -76 0 
-77 -78 0 
-77 -79 0 
-77 -80 0 
-77 -81 0 
-77 -82 0 
-77 -83 0 
-77 -84 0 
-77 -88 0 
-77 -89 0 
-77 -90 0 
-77 -99 0 
-77 -101 0 
-77 -103 0 
-77 -110 0 
-77 -113 0 
-77 -116 0 
-77 -121 0 
-77 -125 0 
-77 -129 0 
-77 -137 0 
-77 -142 0 
-78 -6 0 
-78 -12 0 
-78 -13 0 
-78 -18 0 
-78 -23 0 
-78 -26 0 
-78 -30 0 
-78 -34 0 
-78 -39 0 
-78 -42 0 
-78 -45 0 
-78 -52 0 
-78 -54 0 
-78 -56 0 
-78 -65 0 
-78 -66 0 
-78 -67 0 
-78 -73 0 
-78 -74 0 
-78 -75 0 
-78 -76 0 
-78 -77 0 
-78 -79 0 
-78 -80 0 
-78 -81 0 
-78 -82 0 
-78 -83 0 
-78 -84 0 
-78 -89 0 
-78 -90 0 
-78 -91 0 
-78 -100 0 
-78 -102 0 
-78 -104 0 
-78 -111 0 
-78 -114 0 
-78 -117 0 
-78 -122 0 
-78 -126 0 
-78 -130 0 
-78 -133 0 
-78 -138 0 
-78 -143 0 
-79 -1 0 
-79 -7 0 
-79 -14 0 
-79 -19 0 
-79 -24 0 
-79 -27 0 
-79 -31 0 
-79 -35 0 
-79 -40 0 
-79 -43 0 
-79 -46 0 
-79 -53 0 
-79 -55 0 
-79 -57 0 
-79 -66 0 
-79 -67 0 
-79 -68 0 
-79 -73 0 
-79 -74 0 
-79 -75 0 
-79 -76 0 
-79 -77 0 
-79 -78 0 
-79 -80 0 
-79 -81 0 
-79 -82 0 
-79 -83 0 
-79 -84 0 
-79 -90 0 
-79 -91 0 
-79 -92 0 
-79 -101 0 
-79 -103 0 
-79 -105 0 
-79 -112 0 
-79 -115 0 
-79 -118 0 
-79 -123 0 
-79 -127 0 
-79 -131 0 
-79 -134 0 
-79 -139 0 
-79 -144 0 
-80 -2 0 
-80 -8 0 
-80 -15 0 
-80 -20 0 
-80 -28 0 
-80 -32 0 
-80 -36 0 
-80 -41 0 
-80 -44 0 
-80 -47 0 
-80 -54 0 
-80 -56 0 
-80 -58 0 
-80 -67 0 
-80 -68 0 
-80 -69 0 
-80 -73 0 
-80 -74 0 
-80 -75 0 
-80 -76 0 
-80 -77 0 
-80 -78 0 
-80 -79 0 
-80 -81 0 
-80 -82 0 
-80 -83 0 
-80 -84 0 
-80 -91 0 
-80 -92 0 
-80 -93 0 
-80 -102 0 
-80 -104 0 
-80 -106 0 
-80 -113 0 
-80 -116 0 
-80 -119 0 
-80 -124 0 
-80 -128 0 
-80 -132 0 
-80 -135 0 
-80 -140 0 
-81 -3 0 
-81 -9 0 
-81 -16 0 
-81 -21 0 
-81 -29 0 
-81 -33 0 
-81 -42 0 
-81 -45 0 
-81 -48 0 
-81 -55 0 
-81 -57 0 
-81 -59 0 
-81 -68 0 
-81 -69 0 
-81 -70 0 
-81 -73 0 
-81 -74 0 
-81 -75 0 
-81 -76 0 
-81 -77 0 
-81 -78 0 
-81 -79 0 
-81 -80 0 
-81 -82 0 
-81 -83 0 
-81 -84 0 
-81 -92 0 
-81 -93 0 
-81 -94 0 
-81 -103 0 
-81 -105 0 
-81 -107 0 
-81 -114 0 
-81 -117 0 
-81 -120 0 
-81 -125 0 
-81 -129 0 
-81 -136 0 
-81 -141 0 
-82 -4 0 
-82 -10 0 
-82 -17 0 
-82 -22 0 
-82 -30 0 
-82 -34 0 
-82 -43 0 
-82 -46 0 
-82 -56 0 
-82 -58 0 
-82 -60 0 
-82 -69 0 
-82 -70 0 
-82 -71 0 
-82 -73 0 
-82 -74 0 
-82 -75 0 
-82 -76 0 
-82 -77 0 
-82 -78 0 
-82 -79 0 
-82 -80 0 
-82 -81 0 
-82 -83 0 
-82 -84 0 
-82 -93 0 
-82 -94 0 
-82 -95 0 
-82 -104 0 
-82 -106 0 
-82 -108 0 
-82 -115 0 
-82 -118 0 
-82 -126 0 
-82 -130 0 
-82 -137 0 
-82 -142 0 
-83 -5 0 
-83 -11 0 
-83 -18 0 
-83 -23 0 
-83 -31 0 
-83 -35 0 
-83 -44 0 
-83 -47 0 
-83 -57 0 
-83 -59 0 
-83 -70 0 
-83 -71 0 
-83 -72 0 
-83 -73 0 
-83 -74 0 
-83 -75 0 
-83 -76 0 
-83 -77 0 
-83 -78 0 
-83 -79 0 
-83 -80 0 
-83 -81 0 
-83 -82 0 
-83 -84 0 
-83 -94 0 
-83 -95 0 
-83 -96 0 
-83 -105 0 
-83 -107 0 
-83 -116 0 
-83 -119 0 
-83 -127 0 
-83 -131 0 
-83 -138 0 
-83 -143 0 
-84 -6 0 
-84 -12 0 
-84 -19 0 
-84 -24 0 
-84 -32 0 
-84 -36 0 
-84 -45 0 
-84 -48 0 
-84 -58 0 
-84 -60 0 
-84 -71 0 
-84 -72 0 
-84 -73 0 
-84 -74 0 
-84 -75 0 
-84 -76 0 
-84 -77 0 
-84 -78 0 
-84 -79 0 
-84 -80 0 
-84 -81 0 
-84 -82 0 
-84 -83 0 
-84 -95 0 
-84 -96 0 
-84 -106 0 
-84 -108 0 
-84 -117 0 
-84 -120 0 
-84 -128 0 
-84 -132 0 
-84 -139 0 
-84 -144 0 
-85 -1 0 
-85 -8 0 
-85 -13 0 
-85 -19 0 
-85 -25 0 
-85 -30 0 
-85 -37 0 
-85 -41 0 
-85 -49 0 
-85 -52 0 
-85 -61 0 
-85 -63 0 
-85 -73 0 
-85 -74 0 
-85 -86 0 
-85 -87 0 
-85 -88 0 
-85 -89 0 
-85 -90 0 
-85 -91 0 
-85 -92 0 
-85 -93 0 
-85 -94 0 
-85 -95 0 
-85 -96 0 
-85 -97 0 
-85 -98 0 
-85 -109 0 
-85 -111 0 
-85 -121 0 
-85 -124 0 
-85 -133 0 
-85 -137 0 
-86 -2 0 
-86 -9 0 
-86 -14 0 
-86 -20 0 
-86 -26 0 
-86 -31 0 
-86 -38 0 
-86 -42 0 
-86 -50 0 
-86 -53 0 
-86 -62 0 
-86 -64 0 
-86 -73 0 
-86 -74 0 
-86 -75 0 
-86 -85 0 
-86 -87 0 
-86 -88 0 
-86 -89 0 
-86 -90 0 
-86 -91 0 
-86 -92 0 
-86 -93 0 
-86 -94 0 
-86 -95 0 
-86 -96 0 
-86 -97 0 
-86 -98 0 
-86 -99 0 
-86 -110 0 
-86 -112 0 
-86 -122 0 
-86 -125 0 
-86 -134 0 
-86 -138 0 
-87 -3 0 
-87 -10 0 
-87 -15 0 
-87 -21 0 
-87 -27 0 
-87 -32 0 
-87 -39 0 
-87 -43 0 
-87 -51 0 
-87 -54 0 
-87 -61 0 
-87 -63 0 
-87 -65 0 
-87 -74 0 
-87 -75 0 
-87 -76 0 
-87 -85 0 
-87 -86 0 
-87 -88 0 
-87 -89 0 
-87 -90 0 
-87 -91 0 
-87 -92 0 
-87 -93 0 
-87 -94 0 
-87 -95 0 
-87 -96 0 
-87 -98 0 
-87 -99 0 
-87 -100 0 
-87 -109 0 
-87 -111 0 
-87 -113 0 
-87 -123 0 
-87 -126 0 
-87 -135 0 
-87 -139 0 
-88 -4 0 
-88 -11 0 
-88 -16 0 
-88 -22 0 
-88 -28 0 
-88 -33 0 
-88 -40 0 
-88 -44 0 
-88 -49 0 
-88 -52 0 
-88 -55 0 
-88 -62 0 
-88 -64 0 
-88 -66 0 
-88 -75 0 
-88 -76 0 
-88 -77 0 
-88 -85 0 
-88 -86 0 
-88 -87 0 
-88 -89 0 
-88 -90 0 
-88 -91 0 
-88 -92 0 
-88 -93 0 
-88 -94 0 
-88 -95 0 
-88 -96 0 
-88 -99 0 
-88 -100 0 
-88 -101 0 
-88 -110 0 
-88 -112 0 
-88 -114 0 
-88 -121 0 
-88 -124 0 
-88 -127 0 
-88 -136 0 
-88 -140 0 
-89 -5 0 
-89 -12 0 
-89 -17 0 
-89 -23 0 
-89 -29 0 
-89 -34 0 
-89 -37 0 
-89 -41 0 
-89 -45 0 
-89 -50 0 
-89 -53 0 
-89 -56 0 
-89 -63 0 
-89 -65 0 
-89 -67 0 
-89 -76 0 
-89 -77 0 
-89 -78 0 
-89 -85 0 
-89 -86 0 
-89 -87 0 
-89 -88 0 
-89 -90 0 
-89 -91 0 
-89 -92 0 
-89 -93 0 
-89 -94 0 
-89 -95 0 
-89 -96 0 
-89 -100 0 
-89 -101 0 
-89 -102 0 
-89 -111 0 
-89 -113 0 
-89 -115 0 
-89 -122 0 
-89 -125 0 
-89 -128 0 
-89 -133 0 
-89 -137 0 
-89 -141 0 
-90 -6 0 
-90 -18 0 
-90 -24 0 
-90 -25 0 
-90 -30 0 
-90 -35 0 
-90 -38 0 
-90 -42 0 
-90 -46 0 
-90 -51 0 
-90 -54 0 
-90 -57 0 
-90 -64 0 
-90 -66 0 
-90 -68 0 
-90 -77 0 
-90 -78 0 
-90 -79 0 
-90 -85 0 
-90 -86 0 
-90 -87 0 
-90 -88 0 
-90 -89 0 
-90 -91 0 
-90 -92 0 
-90 -93 0 
-90 -94 0 
-90 -95 0 
-90 -96 0 
-90 -101 0 
-90 -102 0 
-90 -103 0 
-90 -112 0 
-90 -114 0 
-90 -116 0 
-90 -123 0 
-90 -126 0 
-90 -129 0 
-90 -134 0 
-90 -138 0 
-90 -142 0 
-91 -7 0 
-91 -13 0 
-91 -19 0 
-91 -26 0 
-91 -31 0 
-91 -36 0 
-91 -39 0 
-91 -43 0 
-91 -47 0 
-91 -52 0 
-91 -55 0 
-91 -58 0 
-91 -65 0 
-91 -67 0 
-91 -69 0 
-91 -78 0 
-91 -79 0 
-91 -80 0 
-91 -85 0 
-91 -86 0 
-91 -87 0 
-91 -88 0 
-91 -89 0 
-91 -90 0 
-91 -92 0 
-91 -93 0 
-91 -94 0 
-91 -95 0 
-91 -96 0 
-91 -102 0 
-91 -103 0 
-91 -104 0 
-91 -113 0 
-91 -115 0 
-91 -117 0 
-91 -124 0 
-91 -127 0 
-91 -130 0 
-91 -135 0 
-91 -139 0 
-91 -143 0 
-92 -1 0 
-92 -8 0 
-92 -14 0 
-92 -20 0 
-92 -27 0 
-92 -32 0 
-92 -40 0 
-92 -44 0 
-92 -48 0 
-92 -53 0 
-92 -56 0 
-92 -59 0 
-92 -66 0 
-92 -68 0 
-92 -70 0 
-92 -79 0 
-92 -80 0 
-92 -81 0 
-92 -85 0 
-92 -86 0 
-92 -87 0 
-92 -88 0 
-92 -89 0 
-92 -90 0 
-92 -91 0 
-92 -93 0 
-92 -94 0 
-92 -95 0 
-92 -96 0 
-92 -103 0 
-92 -104 0 
-92 -105 0 
-92 -114 0 
-92 -116 0 
-92 -118 0 
-92 -125 0 
-92 -128 0 
-92 -131 0 
-92 -136 0 
-92 -140 0 
-92 -144 0 
-93 -2 0 
-93 -9 0 
-93 -15 0 
-93 -21 0 
-93 -28 0 
-93 -33 0 
-93 -41 0 
-93 -45 0 
-93 -54 0 
-93 -57 0 
-93 -60 0 
-93 -67 0 
-93 -69 0 
-93 -71 0 
-93 -80 0 
-93 -81 0 
-93 -82 0 
-93 -85 0 
-93 -86 0 
-93 -87 0 
-93 -88 0 
-93 -89 0 
-93 -90 0 
-93 -91 0 
-93 -92 0 
-93 -94 0 
-93 -95 0 
-93 -96 0 
-93 -104 0 
-93 -105 0 
-93 -106 0 
-93 -115 0 
-93 -117 0 
-93 -119 0 
-93 -126 0 
-93 -129 0 
-93 -132 0 
-93 -137 0 
-93 -141 0 
-94 -3 0 
-94 -10 0 
-94 -16 0 
-94 -22 0 
-94 -29 0 
-94 -34 0 
-94 -42 0 
-94 -46 0 
-94 -55 0 
-94 -58 0 
-94 -68 0 
-94 -70 0 
-94 -72 0 
-94 -81 0 
-94 -82 0 
-94 -83 0 
-94 -85 0 
-94 -86 0 
-94 -87 0 
-94 -88 0 
-94 -89 0 
-94 -90 0 
-94 -91 0 
-94 -92 0 
-94 -93 0 
-94 -95 0 
-94 -96 0 
-94 -105 0 
-94 -106 0 
-94 -107 0 
-94 -116 0 
-94 -118 0 
-94 -120 0 
-94 -127 0 
-94 -130 0 
-94 -138 0 
-94 -142 0 
-95 -4 0 
-95 -11 0 
-95 -17 0 
-95 -23 0 
-95 -30 0 
-95 -35 0 
-95 -43 0 
-95 -47 0 
-95 -56 0 
-95 -59 0 
-95 -69 0 
-95 -71 0 
-95 -82 0 
-95 -83 0 
-95 -84 0 
-95 -85 0 
-95 -86 0 
-95 -87 0 
-95 -88 0 
-95 -89 0 
-95 -90 0 
-95 -91 0 
-95 -92 0 
-95 -93 0 
-95 -94 0 
-95 -96 0 
-95 -106 0 
-95 -107 0 
-95 -108 0 
-95 -117 0 
-95 -119 0 
-95 -128 0 
-95 -131 0 
-95 -139 0 
-95 -143 0 
-96 -5 0 
-96 -12 0 
-96 -18 0 
-96 -24 0 
-96 -31 0 
-96 -36 0 
-96 -44 0 
-96 -48 0 
-96 -57 0 
-96 -60 0 
-96 -70 0 
-96 -72 0 
-96 -83 0 
-96 -84 0 
-96 -85 0 
-96 -86 0 
-96 -87 0 
-96 -88 0 
-96 -89 0 
-96 -90 0 
-96 -91 0 
-96 -92 0 
-96 -93 0 
-96 -94 0 
-96 -95 0 
-96 -107 0 
-96 -108 0 
-96 -118 0 
-96 -120 0 
-96 -129 0 
-96 -132 0 
-96 -140 0 
-96 -144 0 
-97 -1 0 
-97 -9 0 
-97 -13 0 
-97 -20 0 
-97 -25 0 
-97 -31 0 
-97 -37 0 
-97 -42 0 
-97 -49 0 
-97 -53 0 
-97 -61 0 
-97 -64 0 
-97 -73 0 
-97 -75 0 
-97 -85 0 
-97 -86 0 
-97 -98 0 
-97 -99 0 
-97 -100 0 
-97 -101 0 
-97 -102 0 
-97 -103 0 
-97 -104 0 
-97 -105 0 
-97 -106 0 
-97 -107 0 
-97 -108 0 
-97 -109 0 
-97 -110 0 
-97 -121 0 
-97 -123 0 
-97 -133 0 
-97 -136 0 
-98 -2 0 
-98 -10 0 
-98 -14 0 
-98 -21 0 
-98 -26 0 
-98 -32 0 
-98 -38 0 
-98 -43 0 
-98 -50 0 
-98 -54 0 
-98 -62 0 
-98 -65 0 
-98 -74 0 
-98 -76 0 
-98 -85 0 
-98 -86 0 
-98 -87 0 
-98 -97 0 
-98 -99 0 
-98 -100 0 
-98 -101 0 
-98 -102 0 
-98 -103 0 
-98 -104 0 
-98 -105 0 
-98 -106 0 
-98 -107 0 
-98 -108 0 
-98 -109 0 
-98 -110 0 
-98 -111 0 
-98 -122 0 
-98 -124 0 
-98 -134 0 
-98 -137 0 
-99 -3 0 
-99 -11 0 
-99 -15 0 
-99 -22 0 
-99 -27 0 
-99 -33 0 
-99 -39 0 
-99 -44 0 
-99 -51 0 
-99 -55 0 
-99 -63 0 
-99 -66 0 
-99 -73 0 
-99 -75 0 
-99 -77 0 
-99 -86 0 
-99 -87 0 
-99 -88 0 
-99 -97 0 
-99 -98 0 
-99 -100 0 
-99 -101 0 
-99 -102 0 
-99 -103 0 
-99 -104 0 
-99 -105 0 
-99 -106 0 
-99 -107 0 
-99 -108 0 
-99 -110 0 
-99 -111 0 
-99 -112 0 
-99 -121 0 
-99 -123 0 
-99 -125 0 
-99 -135 0 
-99 -138 0 
-100 -4 0 
-100 -12 0 
-100 -16 0 
-100 -23 0 
-100 -28 0 
-100 -34 0 
-100 -40 0 
-100 -45 0 
-100 -52 0 
-100 -56 0 
-100 -61 0 
-100 -64 0 
-100 -67 0 
-100 -74 0 
-100 -76 0 
-100 -78 0 
-100 -87 0 
-100 -88 0 
-100 -89 0 
-100 -97 0 
-100 -98 0 
-100 -99 0 
-100 -101 0 
-100 -102 0 
-100 -103 0 
-100 -104 0 
-100 -105 0 
-100 -106 0 
-100 -107 0 
-100 -108 0 
-100 -111 0 
-100 -112 0 
-100 -113 0 
-100 -122 0 
-100 -124 0 
-100 -126 0 
-100 -133 0 
-100 -136 0 
-100 -139 0 
-101 -5 0 
-101 -17 0 
-101 -24 0 
-101 -29 0 
-101 -35 0 
-101 -41 0 
-101 -46 0 
-101 -49 0 
-101 -53 0 
-101 -57 0 
-101 -62 0 
-101 -65 0 
-101 -68 0 
-101 -75 0 
-101 -77 0 
-101 -79 0 
-101 -88 0 
-101 -89 0 
-101 -90 0 
-101 -97 0 
-101 -98 0 
-101 -99 0 
-101 -100 0 
-101 -102 0 
-101 -103 0 
-101 -104 0 
-101 -105 0 
-101 -106 0 
-101 -107 0 
-101 -108 0 
-101 -112 0 
-101 -113 0 
-101 -114 0 
-101 -123 0 
-101 -125 0 
-101 -127 0 
-101 -134 0 
-101 -137 0 
-101 -140 0 
-102 -6 0 
-102 -18 0 
-102 -30 0 
-102 -36 0 
-102 -37 0 
-102 -42 0 
-102 -47 0 
-102 -50 0 
-102 -54 0 
-102 -58 0 
-102 -63 0 
-102 -66 0 
-102 -69 0 
-102 -76 0 
-102 -78 0 
-102 -80 0 
-102 -89 0 
-102 -90 0 
-102 -91 0 
-102 -97 0 
-102 -98 0 
-102 -99 0 
-102 -100 0 
-102 -101 0 
-102 -103 0 
-102 -104 0 
-102 -105 0 
-102 -106 0 
-102 -107 0 
-102 -108 0 
-102 -113 0 
-102 -114 0 
-102 -115 0 
-102 -124 0 
-102 -126 0 
-102 -128 0 
-102 -135 0 
-102 -138 0 
-102 -141 0 
-103 -7 0 
-103 -19 0 
-103 -25 0 
-103 -31 0 
-103 -38 0 
-103 -43 0 
-103 -48 0 
-103 -51 0 
-103 -55 0 
-103 -59 0 
-103 -64 0 
-103 -67 0 
-103 -70 0 
-103 -77 0 
-103 -79 0 
-103 -81 0 
-103 -90 0 
-103 -91 0 
-103 -92 0 
-103 -97 0 
-103 -98 0 
-103 -99 0 
-103 -100 0 
-103 -101 0 
-103 -102 0 
-103 -104 0 
-103 -105 0 
-103 -106 0 
-103 -107 0 
-103 -108 0 
-103 -114 0 
-103 -115 0 
-103 -116 0 
-103 -125 0 
-103 -127 0 
-103 -129 0 
-103 -136 0 
-103 -139 0 
-103 -142 0 
-104 -8 0 
-104 -13 0 
-104 -20 0 
-104 -26 0 
-104 -32 0 
-104 -39 0 
-104 -44 0 
-104 -52 0 
-104 -56 0 
-104 -60 0 
-104 -65 0 
-104 -68 0 
-104 -71 0 
-104 -78 0 
-104 -80 0 
-104 -82 0 
-104 -91 0 
-104 -92 0 
-104 -93 0 
-104 -97 0 
-104 -98 0 
-104 -99 0 
-104 -100 0 
-104 -101 0 
-104 -102 0 
-104 -103 0 
-104 -105 0 
-104 -106 0 
-104 -107 0 
-104 -108 0 
-104 -115 0 
-104 -116 0 
-104 -117 0 
-104 -126 0 
-104 -128 0 
-104 -130 0 
-104 -137 0 
-104 -140 0 
-104 -143 0 
-105 -1 0 
-105 -9 0 
-105 -14 0 
-105 -21 0 
-105 -27 0 
-105 -33 0 
-105 -40 0 
-105 -45 0 
-105 -53 0 
-105 -57 0 
-105 -66 0 
-105 -69 0 
-105 -72 0 
-105 -79 0 
-105 -81 0 
-105 -83 0 
-105 -92 0 
-105 -93 0 
-105 -94 0 
-105 -97 0 
-105 -98 0 
-105 -99 0 
-105 -100 0 
-105 -101 0 
-105 -102 0 
-105 -103 0 
-105 -104 0 
-105 -106 0 
-105 -107 0 
-105 -108 0 
-105 -116 0 
-105 -117 0 
-105 -118 0 
-105 -127 0 
-105 -129 0 
-105 -131 0 
-105 -138 0 
-105 -141 0 
-105 -144 0 
-106 -2 0 
-106 -10 0 
-106 -15 0 
-106 -22 0 
-106 -28 0 
-106 -34 0 
-106 -41 0 
-106 -46 0 
-106 -54 0 
-106 -58 0 
-106 -67 0 
-106 -70 0 
-106 -80 0 
-106 -82 0 
-106 -84 0 
-106 -93 0 
-106 -94 0 
-106 -95 0 
-106 -97 0 
-106 -98 0 
-106 -99 0 
-106 -100 0 
-106 -101 0 
-106 -102 0 
-106 -103 0 
-106 -104 0 
-106 -105 0 
-106 -107 0 
-106 -108 0 
-106 -117 0 
-106 -118 0 
-106 -119 0 
-106 -128 0 
-106 -130 0 
-106 -132 0 
-106 -139 0 
-106 -142 0 
-107 -3 0 
-107 -11 0 
-107 -16 0 
-107 -23 0 
-107 -29 0 
-107 -35 0 
-107 -42 0 
-107 -47 0 
-107 -55 0 
-107 -59 0 
-107 -68 0 
-107 -71 0 
-107 -81 0 
-107 -83 0 
-107 -94 0 
-107 -95 0 
-107 -96 0 
-107 -97 0 
-107 -98 0 
-107 -99 0 
-107 -100 0 
-107 -101 0 
-107 -102 0 
-107 -103 0 
-107 -104 0 
-107 -105 0 
-107 -106 0 
-107 -108 0 
-107 -118 0 
-107 -119 0 
-107 -120 0 
-107 -129 0 
-107 -131 0 
-107 -140 0 
-107 -143 0 
-108 -4 0 
-108 -12 0 
-108 -17 0 
-108 -24 0 
-108 -30 0 
-108 -36 0 
-108 -43 0 
-108 -48 0 
-108 -56 0 
-108 -60 0 
-108 -69 0 
-108 -72 0 
-108 -82 0 
-108 -84 0 
-108 -95 0 
-108 -96 0 
-108 -97 0 
-108 -98 0 
-108 -99 0 
-108 -100 0 
-108 -101 0 
-108 -102 0 
-108 -103 0 
-108 -104 0 
-108 -105 0 
-108 -106 0 
-108 -107 0 
-108 -119 0 
-108 -120 0 
-108 -130 0 
-108 -132 0 
-108 -141 0 
-108 -144 0 
-109 -1 0 
-109 -10 0 
-109 -13 0 
-109 -21 0 
-109 -25 0 
-109 -32 0 
-109 -37 0 
-109 -43 0 
-109 -49 0 
-109 -54 0 
-109 -61 0 
-109 -65 0 
-109 -73 0 
-109 -76 0 
-109 -85 0 
-109 -87 0 
-109 -97 0 
-109 -98 0 
-109 -110 0 
-109 -111 0 
-109 -112 0 
-109 -113 0 
-109 -114 0 
-109 -115 0 
-109 -116 0 
-109 -117 0 
-109 -118 0 
-109 -119 0 
-109 -120 0 
-109 -121 0 
-109 -122 0 
-109 -133 0 
-109 -135 0 
-110 -2 0 
-110 -11 0 
-110 -14 0 
-110 -22 0 
-110 -26 0 
-110 -33 0 
-110 -38 0 
-110 -44 0 
-110 -50 0 
-110 -55 0 
-110 -62 0 
-110 -66 0 
-110 -74 0 
-110 -77 0 
-110 -86 0 
-110 -88 0 
-110 -97 0 
-110 -98 0 
-110 -99 0 
-110 -109 0 
-110 -111 0 
-110 -112 0 
-110 -113 0 
-110 -114 0 
-110 -115 0 
-110 -116 0 
-110 -117 0 
-110 -118 0 
-110 -119 0 
-110 -120 0 
-110 -121 0 
-110 -122 0 
-110 -123 0 
-110 -134 0 
-110 -136 0 
-111 -3 0 
-111 -12 0 
-111 -15 0 
-111 -23 0 
-111 -27 0 
-111 -34 0 
-111 -39 0 
-111 -45 0 
-111 -51 0 
-111 -56 0 
-111 -63 0 
-111 -67 0 
-111 -75 0 
-111 -78 0 
-111 -85 0 
-111 -87 0 
-111 -89 0 
-111 -98 0 
-111 -99 0 
-111 -100 0 
-111 -109 0 
-111 -110 0 
-111 -112 0 
-111 -113 0 
-111 -114 0 
-111 -115 0 
-111 -116 0 
-111 -117 0 
-111 -118 0 
-111 -119 0 
-111 -120 0 
-111 -122 0 
-111 -123 0 
-111 -124 0 
-111 -133 0 
-111 -135 0 
-111 -137 0 
-112 -4 0 
-112 -16 0 
-112 -24 0 
-112 -28 0 
-112 -35 0 
-112 -40 0 
-112 -46 0 
-112 -52 0 
-112 -57 0 
-112 -64 0 
-112 -68 0 
-112 -73 0 
-112 -76 0 
-112 -79 0 
-112 -86 0 
-112 -88 0 
-112 -90 0 
-112 -99 0 
-112 -100 0 
-112 -101 0 
-112 -109 0 
-112 -110 0 
-112 -111 0 
-112 -113 0 
-112 -114 0 
-112 -115 0 
-112 -116 0 
-112 -117 0 
-112 -118 0 
-112 -119 0 
-112 -120 0 
-112 -123 0 
-112 -124 0 
-112 -125 0 
-112 -134 0 
-112 -136 0 
-112 -138 0 
-113 -5 0 
-113 -17 0 
-113 -29 0 
-113 -36 0 
-113 -41 0 
-113 -47 0 
-113 -53 0 
-113 -58 0 
-113 -61 0 
-113 -65 0 
-113 -69 0 
-113 -74 0 
-113 -77 0 
-113 -80 0 
-113 -87 0 
-113 -89 0 
-113 -91 0 
-113 -100 0 
-113 -101 0 
-113 -102 0 
-113 -109 0 
-113 -110 0 
-113 -111 0 
-113 -112 0 
-113 -114 0 
-113 -115 0 
-113 -116 0 
-113 -117 0 
-113 -118 0 
-113 -119 0 
-113 -120 0 
-113 -124 0 
-113 -125 0 
-113 -126 0 
-113 -135 0 
-113 -137 0 
-113 -139 0 
-114 -6 0 
-114 -18 0 
-114 -30 0 
-114 -42 0 
-114 -48 0 
-114 -49 0 
-114 -54 0 
-114 -59 0 
-114 -62 0 
-114 -66 0 
-114 -70 0 
-114 -75 0 
-114 -78 0 
-114 -81 0 
-114 -88 0 
-114 -90 0 
-114 -92 0 
-114 -101 0 
-114 -102 0 
-114 -103 0 
-114 -109 0 
-114 -110 0 
-114 -111 0 
-114 -112 0 
-114 -113 0 
-114 -115 0 
-114 -116 0 
-114 -117 0 
-114 -118 0 
-114 -119 0 
-114 -120 0 
-114 -125 0 
-114 -126 0 
-114 -127 0 
-114 -136 0 
-114 -138 0 
-114 -140 0 
-115 -7 0 
-115 -19 0 
-115 -31 0 
-115 -37 0 
-115 -43 0 
-115 -50 0 
-115 -55 0 
-115 -60 0 
-115 -63 0 
-115 -67 0 
-115 -71 0 
-115 -76 0 
-115 -79 0 
-115 -82 0 
-115 -89 0 
-115 -91 0 
-115 -93 0 
-115 -102 0 
-115 -103 0 
-115 -104 0 
-115 -109 0 
-115 -110 0 
-115 -111 0 
-115 -112 0 
-115 -113 0 
-115 -114 0 
-115 -116 0 
-115 -117 0 
-115 -118 0 
-115 -119 0 
-115 -120 0 
-115 -126 0 
-115 -127 0 
-115 -128 0 
-115 -137 0 
-115 -139 0 
-115 -141 0 
-116 -8 0 
-116 -20 0 
-116 -25 0 
-116 -32 0 
-116 -38 0 
-116 -44 0 
-116 -51 0 
-116 -56 0 
-116 -64 0 
-116 -68 0 
-116 -72 0 
-116 -77 0 
-116 -80 0 
-116 -83 0 
-116 -90 0 
-116 -92 0 
-116 -94 0 
-116 -103 0 
-116 -104 0 
-116 -105 0 
-116 -109 0 
-116 -110 0 
-116 -111 0 
-116 -112 0 
-116 -113 0 
-116 -114 0 
-116 -115 0 
-116 -117 0 
-116 -118 0 
-116 -119 0 
-116 -120 0 
-116 -127 0 
-116 -128 0 
-116 -129 0 
-116 -138 0 
-116 -140 0 
-116 -142 0 
-117 -9 0 
-117 -13 0 
-117 -21 0 
-117 -26 0 
-117 -33 0 
-117 -39 0 
-117 -45 0 
-117 -52 0 
-117 -57 0 
-117 -65 0 
-117 -69 0 
-117 -78 0 
-117 -81 0 
-117 -84 0 
-117 -91 0 
-117 -93 0 
-117 -95 0 
-117 -104 0 
-117 -105 0 
-117 -106 0 
-117 -109 0 
-117 -110 0 
-117 -111 0 
-117 -112 0 
-117 -113 0 
-117 -114 0 
-117 -115 0 
-117 -116 0 
-117 -118 0 
-117 -119 0 
-117 -120 0 
-117 -128 0 
-117 -129 0 
-117 -130 0 
-117 -139 0 
-117 -141 0 
-117 -143 0 
-118 -1 0 
-118 -10 0 
-118 -14 0 
-118 -22 0 
-118 -27 0 
-118 -34 0 
-118 -40 0 
-118 -46 0 
-118 -53 0 
-118 -58 0 
-118 -66 0 
-118 -70 0 
-118 -79 0 
-118 -82 0 
-118 -92 0 
-118 -94 0 
-118 -96 0 
-118 -105 0 
-118 -106 0 
-118 -107 0 
-118 -109 0 
-118 -110 0 
-118 -111 0 
-118 -112 0 
-118 -113 0 
-118 -114 0 
-118 -115 0 
-118 -116 0 
-118 -117 0 
-118 -119 0 
-118 -120 0 
-118 -129 0 
-118 -130 0 
-118 -131 0 
-118 -140 0 
-118 -142 0 
-118 -144 0 
-119 -2 0 
-119 -11 0 
-119 -15 0 
-119 -23 0 
-119 -28 0 
-119 -35 0 
-119 -41 0 
-119 -47 0 
-119 -54 0 
-119 -59 0 
-119 -67 0 
-119 -71 0 
-119 -80 0 
-119 -83 0 
-119 -93 0 
-119 -95 0 
-119 -106 0 
-119 -107 0 
-119 -108 0 
-119 -109 0 
-119 -110 0 
-119 -111 0 
-119 -112 0 
-119 -113 0 
-119 -114 0 
-119 -115 0 
-119 -116 0 
-119 -117 0 
-119 -118 0 
-119 -120 0 
-119 -130 0 
-119 -131 0 
-119 -132 0 
-119 -141 0 
-119 -143 0 
-120 -3 0 
-120 -12 0 
-120 -16 0 
-120 -24 0 
-120 -29 0 
-120 -36 0 
-120 -42 0 
-120 -48 0 
-120 -55 0 
-120 -60 0 
-120 -68 0 
-120 -72 0 
-120 -81 0 
-120 -84 0 
-120 -94 0 
-120 -96 0 
-120 -107 0 
-120 -108 0 
-120 -109 0 
-120 -110 0 
-120 -111 0 
-120 -112 0 
-120 -113 0 
-120 -114 0 
-120 -115 0 
-120 -116 0 
-120 -117 0 
-120 -118 0 
-120 -119 0 
-120 -131 0 
-120 -132 0 
-120 -142 0 
-120 -144 0 
-121 -1 0 
-121 -11 0 
-121 -13 0 
-121 -22 0 
-121 -25 0 
-121 -33 0 
-121 -37 0 
-121 -44 0 
-121 -49 0 
-121 -55 0 
-121 -61 0 
-121 -66 0 
-121 -73 0 
-121 -77 0 
-121 -85 0 
-121 -88 0 
-121 -97 0 
-121 -99 0 
-121 -109 0 
-121 -110 0 
-121 -122 0 
-121 -123 0 
-121 -124 0 
-121 -125 0 
-121 -126 0 
-121 -127 0 
-121 -128 0 
-121 -129 0 
-121 -130 0 
-121 -131 0 
-121 -132 0 
-121 -133 0 
-121 -134 0 
-122 -2 0 
-122 -12 0 
-122 -14 0 
-122 -23 0 
-122 -26 0 
-122 -34 0 
-122 -38 0 
-122 -45 0 
-122 -50 0 
-122 -56 0 
-122 -62 0 
-122 -67 0 
-122 -74 0 
-122 -78 0 
-122 -86 0 
-122 -89 0 
-122 -98 0 
-122 -100 0 
-122 -109 0 
-122 -110 0 
-122 -111 0 
-122 -121 0 
-122 -123 0 
-122 -124 0 
-122 -125 0 
-122 -126 0 
-122 -127 0 
-122 -128 0 
-122 -129 0 
-122 -130 0 
-122 -131 0 
-122 -132 0 
-122 -133 0 
-122 -134 0 
-122 -135 0 
-123 -3 0 
-123 -15 0 
-123 -24 0 
-123 -27 0 
-123 -35 0 
-123 -39 0 
-123 -46 0 
-123 -51 0 
-123 -57 0 
-123 -63 0 
-123 -68 0 
-123 -75 0 
-123 -79 0 
-123 -87 0 
-123 -90 0 
-123 -97 0 
-123 -99 0 
-123 -101 0 
-123 -110 0 
-123 -111 0 
-123 -112 0 
-123 -121 0 
-123 -122 0 
-123 -124 0 
-123 -125 0 
-123 -126 0 
-123 -127 0 
-123 -128 0 
-123 -129 0 
-123 -130 0 
-123 -131 0 
-123 -132 0 
-123 -134 0 
-123 -135 0 
-123 -136 0 
-124 -4 0 
-124 -16 0 
-124 -28 0 
-124 -36 0 
-124 -40 0 
-124 -47 0 
-124 -52 0 
-124 -58 0 
-124 -64 0 
-124 -69 0 
-124 -76 0 
-124 -80 0 
-124 -85 0 
-124 -88 0 
-124 -91 0 
-124 -98 0 
-124 -100 0 
-124 -102 0 
-124 -111 0 
-124 -112 0 
-124 -113 0 
-124 -121 0 
-124 -122 0 
-124 -123 0 
-124 -125 0 
-124 -126 0 
-124 -127 0 
-124 -128 0 
-124 -129 0 
-124 -130 0 
-124 -131 0 
-124 -132 0 
-124 -135 0 
-124 -136 0 
-124 -137 0 
-125 -5 0 
-125 -17 0 
-125 -29 0 
-125 -41 0 
-125 -48 0 
-125 -53 0 
-125 -59 0 
-125 -65 0 
-125 -70 0 
-125 -73 0 
-125 -77 0 
-125 -81 0 
-125 -86 0 
-125 -89 0 
-125 -92 0 
-125 -99 0 
-125 -101 0 
-125 -103 0 
-125 -112 0 
-125 -113 0 
-125 -114 0 
-125 -121 0 
-125 -122 0 
-125 -123 0 
-125 -124 0 
-125 -126 0 
-125 -127 0 
-125 -128 0 
-125 -129 0 
-125 -130 0 
-125 -131 0 
-125 -132 0 
-125 -136 0 
-125 -137 0 
-125 -138 0 
-126 -6 0 
-126 -18 0 
-126 -30 0 
-126 -42 0 
-126 -54 0 
-126 -60 0 
-126 -61 0 
-126 -66 0 
-126 -71 0 
-126 -74 0 
-126 -78 0 
-126 -82 0 
-126 -87 0 
-126 -90 0 
-126 -93 0 
-126 -100 0 
-126 -102 0 
-126 -104 0 
-126 -113 0 
-126 -114 0 
-126 -115 0 
-126 -121 0 
-126 -122 0 
-126 -123 0 
-126 -124 0 
-126 -125 0 
-126 -127 0 
-126 -128 0 
-126 -129 0 
-126 -130 0 
-126 -131 0 
-126 -132 0 
-126 -137 0 
-126 -138 0 
-126 -139 0 
-127 -7 0 
-127 -19 0 
-127 -31 0 
-127 -43 0 
-127 -49 0 
-127 -55 0 
-127 -62 0 
-127 -67 0 
-127 -72 0 
-127 -75 0 
-127 -79 0 
-127 -83 0 
-127 -88 0 
-127 -91 0 
-127 -94 0 
-127 -101 0 
-127 -103 0 
-127 -105 0 
-127 -114 0 
-127 -115 0 
-127 -116 0 
-127 -121 0 
-127 -122 0 
-127 -123 0 
-127 -124 0 
-127 -125 0 
-127 -126 0 
-127 -128 0 
-127 -129 0 
-127 -130 0 
-127 -131 0 
-127 -132 0 
-127 -138 0 
-127 -139 0 
-127 -140 0 
-128 -8 0 
-128 -20 0 
-128 -32 0 
-128 -37 0 
-128 -44 0 
-128 -50 0 
-128 -56 0 
-128 -63 0 
-128 -68 0 
-128 -76 0 
-128 -80 0 
-128 -84 0 
-128 -89 0 
-128 -92 0 
-128 -95 0 
-128 -102 0 
-128 -104 0 
-128 -106 0 
-128 -115 0 
-128 -116 0 
-128 -117 0 
-128 -121 0 
-128 -122 0 
-128 -123 0 
-128 -124 0 
-128 -125 0 
-128 -126 0 
-128 -127 0 
-128 -129 0 
-128 -130 0 
-128 -131 0 
-128 -132 0 
-128 -139 0 
-128 -140 0 
-128 -141 0 
-129 -9 0 
-129 -21 0 
-129 -25 0 
-129 -33 0 
-129 -38 0 
-129 -45 0 
-129 -51 0 
-129 -57 0 
-129 -64 0 
-129 -69 0 
-129 -77 0 
-129 -81 0 
-129 -90 0 
-129 -93 0 
-129 -96 0 
-129 -103 0 
-129 -105 0 
-129 -107 0 
-129 -116 0 
-129 -117 0 
-129 -118 0 
-129 -121 0 
-129 -122 0 
-129 -123 0 
-129 -124 0 
-129 -125 0 
-129 -126 0 
-129 -127 0 
-129 -128 0 
-129 -130 0 
-129 -131 0 
-129 -132 0 
-129 -140 0 
-129 -141 0 
-129 -142 0 
-130 -10 0 
-130 -13 0 
-130 -22 0 
-130 -26 0 
-130 -34 0 
-130 -39 0 
-130 -46 0 
-130 -52 0 
-130 -58 0 
-130 -65 0 
-130 -70 0 
-130 -78 0 
-130 -82 0 
-130 -91 0 
-130 -94 0 
-130 -104 0 
-130 -106 0 
-130 -108 0 
-130 -117 0 
-130 -118 0 
-130 -119 0 
-130 -121 0 
-130 -122 0 
-130 -123 0 
-130 -124 0 
-130 -125 0 
-130 -126 0 
-130 -127 0 
-130 -128 0 
-130 -129 0 
-130 -131 0 
-130 -132 0 
-130 -141 0 
-130 -142 0 
-130 -143 0 
-131 -1 0 
-131 -11 0 
-131 -14 0 
-131 -23 0 
-131 -27 0 
-131 -35 0 
-131 -40 0 
-131 -47 0 
-131 -53 0 
-131 -59 0 
-131 -66 0 
-131 -71 0 
-131 -79 0 
-131 -83 0 
-131 -92 0 
-131 -95 0 
-131 -105 0 
-131 -107 0 
-131 -118 0 
-131 -119 0 
-131 -120 0 
-131 -121 0 
-131 -122 0 
-131 -123 0 
-131 -124 0 
-131 -125 0 
-131 -126 0 
-131 -127 0 
-131 -128 0 
-131 -129 0 
-131 -130 0 
-131 -132 0 
-131 -142 0 
-131 -143 0 
-131 -144 0 
-132 -2 0 
-132 -12 0 
-132 -15 0 
-132 -24 0 
-132 -28 0 
-132 -36 0 
-132 -41 0 
-132 -48 0 
-132 -54 0 
-132 -60 0 
-132 -67 0 
-132 -72 0 
-132 -80 0 
-132 -84 0 
-132 -93 0 
-132 -96 0 
-132 -106 0 
-132 -108 0 
-132 -119 0 
-132 -120 0 
-132 -121 0 
-132 -122 0 
-132 -123 0 
-132 -124 0 
-132 -125 0 
-132 -126 0 
-132 -127 0 
-132 -128 0 
-132 -129 0 
-132 -130 0 
-132 -131 0 
-132 -143 0 
-132 -144 0 
-133 -1 0 
-133 -12 0 
-133 -13 0 
-133 -23 0 
-133 -25 0 
-133 -34 0 
-133 -37 0 
-133 -45 0 
-133 -49 0 
-133 -56 0 
-133 -61 0 
-133 -67 0 
-133 -73 0 
-133 -78 0 
-133 -85 0 
-133 -89 0 
-133 -97 0 
-133 -100 0 
-133 -109 0 
-133 -111 0 
-133 -121 0 
-133 -122 0 
-133 -134 0 
-133 -135 0 
-133 -136 0 
-133 -137 0 
-133 -138 0 
-133 -139 0 
-133 -140 0 
-133 -141 0 
-133 -142 0 
-133 -143 0 
-133 -144 0 
-134 -2 0 
-134 -14 0 
-134 -24 0 
-134 -26 0 
-134 -35 0 
-134 -38 0 
-134 -46 0 
-134 -50 0 
-134 -57 0 
-134 -62 0 
-134 -68 0 
-134 -74 0 
-134 -79 0 
-134 -86 0 
-134 -90 0 
-134 -98 0 
-134 -101 0 
-134 -110 0 
-134 -112 0 
-134 -121 0 
-134 -122 0 
-134 -123 0 
-134 -133 0 
-134 -135 0 
-134 -136 0 
-134 -137 0 
-134 -138 0 
-134 -139 0 
-134 -140 0 
-134 -141 0 
-134 -142 0 
-134 -143 0 
-134 -144 0 
-135 -3 0 
-135 -15 0 
-135 -27 0 
-135 -36 0 
-135 -39 0 
-135 -47 0 
-135 -51 0 
-135 -58 0 
-135 -63 0 
-135 -69 0 
-135 -75 0 
-135 -80 0 
-135 -87 0 
-135 -91 0 
-135 -99 0 
-135 -102 0 
-135 -109 0 
-135 -111 0 
-135 -113 0 
-135 -122 0 
-135 -123 0 
-135 -124 0 
-135 -133 0 
-135 -134 0 
-135 -136 0 
-135 -137 0 
-135 -138 0 
-135 -139 0 
-135 -140 0 
-135 -141 0 
-135 -142 0 
-135 -143 0 
-135 -144 0 
-136 -4 0 
-136 -16 0 
-136 -28 0 
-136 -40 0 
-136 -48 0 
-136 -52 0 
-136 -59 0 
-136 -64 0 
-136 -70 0 
-136 -76 0 
-136 -81 0 
-136 -88 0 
-136 -92 0 
-136 -97 0 
-136 -100 0 
-136 -103 0 
-136 -110 0 
-136 -112 0 
-136 -114 0 
-136 -123 0 
-136 -124 0 
-136 -125 0 
-136 -133 0 
-136 -134 0 
-136 -135 0 
-136 -137 0 
-136 -138 0 
-136 -139 0 
-136 -140 0 
-136 -141 0 
-136 -142 0 
-136 -143 0 
-136 -144 0 
-137 -5 0 
-137 -17 0 
-137 -29 0 
-137 -41 0 
-137 -53 0 
-137 -60 0 
-137 -65 0 
-137 -71 0 
-137 -77 0 
-137 -82 0 
-137 -85 0 
-137 -89 0 
-137 -93 0 
-137 -98 0 
-137 -101 0 
-137 -104 0 
-137 -111 0 
-137 -113 0 
-137 -115 0 
-137 -124 0 
-137 -125 0 
-137 -126 0 
-137 -133 0 
-137 -134 0 
-137 -135 0 
-137 -136 0 
-137 -138 0 
-137 -139 0 
-137 -140 0 
-137 -141 0 
-137 -142 0 
-137 -143 0 
-137 -144 0 
-138 -6 0 
-138 -18 0 
-138 -30 0 
-138 -42 0 
-138 -54 0 
-138 -66 0 
-138 -72 0 
-138 -73 0 
-138 -78 0 
-138 -83 0 
-138 -86 0 
-138 -90 0 
-138 -94 0 
-138 -99 0 
-138 -102 0 
-138 -105 0 
-138 -112 0 
-138 -114 0 
-138 -116 0 
-138 -125 0 
-138 -126 0 
-138 -127 0 
-138 -133 0 
-138 -134 0 
-138 -135 0 
-138 -136 0 
-138 -137 0 
-138 -139 0 
-138 -140 0 
-138 -141 0 
-138 -142 0 
-138 -143 0 
-138 -144 0 
-139 -7 0 
-139 -19 0 
-139 -31 0 
-139 -43 0 
-139 -55 0 
-139 -61 0 
-139 -67 0 
-139 -74 0 
-139 -79 0 
-139 -84 0 
-139 -87 0 
-139 -91 0 
-139 -95 0 
-139 -100 0 
-139 -103 0 
-139 -106 0 
-139 -113 0 
-139 -115 0 
-139 -117 0 
-139 -126 0 
-139 -127 0 
-139 -128 0 
-139 -133 0 
-139 -134 0 
-139 -135 0 
-139 -136 0 
-139 -137 0 
-139 -138 0 
-139 -140 0 
-139 -141 0 
-139 -142 0 
-139 -143 0 
-139 -144 0 
-140 -8 0 
-140 -20 0 
-140 -32 0 
-140 -44 0 
-140 -49 0 
-140 -56 0 
-140 -62 0 
-140 -68 0 
-140 -75 0 
-140 -80 0 
-140 -88 0 
-140 -92 0 
-140 -96 0 
-140 -101 0 
-140 -104 0 
-140 -107 0 
-140 -114 0 
-140 -116 0 
-140 -118 0 
-140 -127 0 
-140 -128 0 
-140 -129 0 
-140 -133 0 
-140 -134 0 
-140 -135 0 
-140 -136 0 
-140 -137 0 
-140 -138 0 
-140 -139 0 
-140 -141 0 
-140 -142 0 
-140 -143 0 
-140 -144 0 
-141 -9 0 
-141 -21 0 
-141 -33 0 
-141 -37 0 
-141 -45 0 
-141 -50 0 
-141 -57 0 
-141 -63 0 
-141 -69 0 
-141 -76 0 
-141 -81 0 
-141 -89 0 
-141 -93 0 
-141 -102 0 
-141 -105 0 
-141 -108 0 
-141 -115 0 
-141 -117 0 
-141 -119 0 
-141 -128 0 
-141 -129 0 
-141 -130 0 
-141 -133 0 
-141 -134 0 
-141 -135 0 
-141 -136 0 
-141 -137 0 
-141 -138 0 
-141 -139 0 
-141 -140 0 
-141 -142 0 
-141 -143 0 
-141 -144 0 
-142 -10 0 
-142 -22 0 
-142 -25 0 
-142 -34 0 
-142 -38 0 
-142 -46 0 
-142 -51 0 
-142 -58 0 
-142 -64 0 
-142 -70 0 
-142 -77 0 
-142 -82 0 
-142 -90 0 
-142 -94 0 
-142 -103 0 
-142 -106 0 
-142 -116 0 
-142 -118 0 
-142 -120 0 
-142 -129 0 
-142 -130 0 
-142 -131 0 
-142 -133 0 
-142 -134 0 
-142 -135 0 
-142 -136 0 
-142 -137 0 
-142 -138 0 
-142 -139 0 
-142 -140 0 
-142 -141 0 
-142 -143 0 
-142 -144 0 
-143 -11 0 
-143 -13 0 
-143 -23 0 
-143 -26 0 
-143 -35 0 
-143 -39 0 
-143 -47 0 
-143 -52 0 
-143 -59 0 
-143 -65 0 
-143 -71 0 
-143 -78 0 
-143 -83 0 
-143 -91 0 
-143 -95 0 
-143 -104 0 
-143 -107 0 
-143 -117 0 
-143 -119 0 
-143 -130 0 
-143 -131 0 
-143 -132 0 
-143 -133 0 
-143 -134 0 
-143 -135 0 
-143 -136 0 
-143 -137 0 
-143 -138 0 
-143 -139 0 
-143 -140 0 
-143 -141 0 
-143 -142 0 
-143 -144 0 
-144 -1 0 
-144 -12 0 
-144 -14 0 
-144 -24 0 
-144 -27 0 
-144 -36 0 
-144 -40 0 
-144 -48 0 
-144 -53 0 
-144 -60 0 
-144 -66 0 
-144 -72 0 
-144 -79 0 
-144 -84 0 
-144 -92 0 
-144 -96 0 
-144 -105 0 
-144 -108 0 
-144 -118 0 
-144 -120 0 
-144 -131 0 
-144 -132 0 
-144 -133 0 
-144 -134 0 
-144 -135 0 
-144 -136 0 
-144 -137 0 
-144 -138 0 
-144 -139 0 
-144 -140 0 
-144 -141 0 
-144 -142 0 
-144 -143 0 
