p cnf 169 6669 
1 2 3 4 5 6 7 8 9 10 11 12 13 0 
14 15 16 17 18 19 20 21 22 23 24 25 26 0 
27 28 29 30 31 32 33 34 35 36 37 38 39 0 
40 41 42 43 44 45 46 47 48 49 50 51 52 0 
53 54 55 56 57 58 59 60 61 62 63 64 65 0 
66 67 68 69 70 71 72 73 74 75 76 77 78 0 
79 80 81 82 83 84 85 86 87 88 89 90 91 0 
92 93 94 95 96 97 98 99 100 101 102 103 104 0 
105 106 107 108 109 110 111 112 113 114 115 116 117 0 
118 119 120 121 122 123 124 125 126 127 128 129 130 0 
131 132 133 134 135 136 137 138 139 140 141 142 143 0 
144 145 146 147 148 149 150 151 152 153 154 155 156 0 
157 158 159 160 161 162 163 164 165 166 167 168 169 0 
-1 -2 0 
-1 -3 0 
-1 -4 0 
-1 -5 0 
-1 -6 0 
-1 -7 0 
-1 -8 0 
-1 -9 0 
-1 -10 0 
-1 -11 0 
-1 -12 0 
-1 -13 0 
-1 -14 0 
-1 -15 0 
-1 -27 0 
-1 -29 0 
-1 -40 0 
-1 -43 0 
-1 -53 0 
-1 -57 0 
-1 -66 0 
-1 -71 0 
-1 -79 0 
-1 -85 0 
-1 -92 0 
-1 -99 0 
-1 -105 0 
-1 -113 0 
-1 -118 0 
-1 -127 0 
-1 -131 0 
-1 -141 0 
-1 -144 0 
-1 -155 0 
-1 -157 0 
-1 -169 0 
-2 -1 0 
-2 -3 0 
-2 -4 0 
-2 -5 0 
-2 -6 0 
-2 -7 0 
-2 -8 0 
-2 -9 0 
-2 -10 0 
-2 -11 0 
-2 -12 0 
-2 -13 0 
-2 -14 0 
-2 -15 0 
-2 -16 0 
-2 -28 0 
-2 -30 0 
-2 -41 0 
-2 -44 0 
-2 -54 0 
-2 -58 0 
-2 -67 0 
-2 -72 0 
-2 -80 0 
-2 -86 0 
-2 -93 0 
-2 -100 0 
-2 -106 0 
-2 -114 0 
-2 -119 0 
-2 -128 0 
-2 -132 0 
-2 -142 0 
-2 -145 0 
-2 -156 0 
-2 -158 0 
-3 -1 0 
-3 -2 0 
-3 -4 0 
-3 -5 0 
-3 -6 0 
-3 -7 0 
-3 -8 0 
-3 -9 0 
-3 -10 0 
-3 -11 0 
-3 -12 0 
-3 -13 0 
-3 -15 0 
-3 -16 0 
-3 -17 0 
-3 -27 0 
-3 -29 0 
-3 -31 0 
-3 -42 0 
-3 -45 0 
-3 -55 0 
-3 -59 0 
-3 -68 0 
-3 -73 0 
-3 -81 0 
-3 -87 0 
-3 -94 0 
-3 -101 0 
-3 -107 0 
-3 -115 0 
-3 -120 0 
-3 -129 0 
-3 -133 0 
-3 -143 0 
-3 -146 0 
-3 -159 0 
-4 -1 0 
-4 -2 0 
-4 -3 0 
-4 -5 0 
-4 -6 0 
-4 -7 0 
-4 -8 0 
-4 -9 0 
-4 -10 0 
-4 -11 0 
-4 -12 0 
-4 -13 0 
-4 -16 0 
-4 -17 0 
-4 -18 0 
-4 -28 0 
-4 -30 0 
-4 -32 0 
-4 -40 0 
-4 -43 0 
-4 -46 0 
-4 -56 0 
-4 -60 0 
-4 -69 0 
-4 -74 0 
-4 -82 0 
-4 -88 0 
-4 -95 0 
-4 -102 0 
-4 -108 0 
-4 -116 0 
-4 -121 0 
-4 -130 0 
-4 -134 0 
-4 -147 0 
-4 -160 0 
-5 -1 0 
-5 -2 0 
-5 -3 0 
-5 -4 0 
-5 -6 0 
-5 -7 0 
-5 -8 0 
-5 -9 0 
-5 -10 0 
-5 -11 0 
-5 -12 0 
-5 -13 0 
-5 -17 0 
-5 -18 0 
-5 -19 0 
-5 -29 0 
-5 -31 0 
-5 -33 0 
-5 -41 0 
-5 -44 0 
-5 -47 0 
-5 -53 0 
-5 -57 0 
-5 -61 0 
-5 -70 0 
-5 -75 0 
-5 -83 0 
-5 -89 0 
-5 -96 0 
-5 -103 0 
-5 -109 0 
-5 -117 0 
-5 -122 0 
-5 -135 0 
-5 -148 0 
-5 -161 0 
-6 -1 0 
-6 -2 0 
-6 -3 0 
-6 -4 0 
-6 -5 0 
-6 -7 0 
-6 -8 0 
-6 -9 0 
-6 -10 0 
-6 -11 0 
-6 -12 0 
-6 -13 0 
-6 -18 0 
-6 -19 0 
-6 -20 0 
-6 -30 0 
-6 -32 0 
-6 -34 0 
-6 -42 0 
-6 -45 0 
-6 -48 0 
-6 -54 0 
-6 -58 0 
-6 -62 0 
-6 -66 0 
-6 -71 0 
-6 -76 0 
-6 -84 0 
-6 -90 0 
-6 -97 0 
-6 -104 0 
-6 -110 0 
-6 -123 0 
-6 -136 0 
-6 -149 0 
-6 -162 0 
-7 -1 0 
-7 -2 0 
-7 -3 0 
-7 -4 0 
-7 -5 0 
-7 -6 0 
-7 -8 0 
-7 -9 0 
-7 -10 0 
-7 -11 0 
-7 -12 0 
-7 -13 0 
-7 -19 0 
-7 -20 0 
-7 -21 0 
-7 -31 0 
-7 -33 0 
-7 -35 0 
-7 -43 0 
-7 -46 0 
-7 -49 0 
-7 -55 0 
-7 -59 0 
-7 -63 0 
-7 -67 0 
-7 -72 0 
-7 -77 0 
-7 -79 0 
-7 -85 0 
-7 -91 0 
-7 -98 0 
-7 -111 0 
-7 -124 0 
-7 -137 0 
-7 -150 0 
-7 -163 0 
-8 -1 0 
-8 -2 0 
-8 -3 0 
-8 -4 0 
-8 -5 0 
-8 -6 0 
-8 -7 0 
-8 -9 0 
-8 -10 0 
-8 -11 0 
-8 -12 0 
-8 -13 0 
-8 -20 0 
-8 -21 0 
-8 -22 0 
-8 -32 0 
-8 -34 0 
-8 -36 0 
-8 -44 0 
-8 -47 0 
-8 -50 0 
-8 -56 0 
-8 -60 0 
-8 -64 0 
-8 -68 0 
-8 -73 0 
-8 -78 0 
-8 -80 0 
-8 -86 0 
-8 -92 0 
-8 -99 0 
-8 -112 0 
-8 -125 0 
-8 -138 0 
-8 -151 0 
-8 -164 0 
-9 -1 0 
-9 -2 0 
-9 -3 0 
-9 -4 0 
-9 -5 0 
-9 -6 0 
-9 -7 0 
-9 -8 0 
-9 -10 0 
-9 -11 0 
-9 -12 0 
-9 -13 0 
-9 -21 0 
-9 -22 0 
-9 -23 0 
-9 -33 0 
-9 -35 0 
-9 -37 0 
-9 -45 0 
-9 -48 0 
-9 -51 0 
-9 -57 0 
-9 -61 0 
-9 -65 0 
-9 -69 0 
-9 -74 0 
-9 -81 0 
-9 -87 0 
-9 -93 0 
-9 -100 0 
-9 -105 0 
-9 -113 0 
-9 -126 0 
-9 -139 0 
-9 -152 0 
-9 -165 0 
-10 -1 0 
-10 -2 0 
-10 -3 0 
-10 -4 0 
-10 -5 0 
-10 -6 0 
-10 -7 0 
-10 -8 0 
-10 -9 0 
-10 -11 0 
-10 -12 0 
-10 -13 0 
-10 -22 0 
-10 -23 0 
-10 -24 0 
-10 -34 0 
-10 -36 0 
-10 -38 0 
-10 -46 0 
-10 -49 0 
-10 -52 0 
-10 -58 0 
-10 -62 0 
-10 -70 0 
-10 -75 0 
-10 -82 0 
-10 -88 0 
-10 -94 0 
-10 -101 0 
-10 -106 0 
-10 -114 0 
-10 -118 0 
-10 -127 0 
-10 -140 0 
-10 -153 0 
-10 -166 0 
-11 -1 0 
-11 -2 0 
-11 -3 0 
-11 -4 0 
-11 -5 0 
-11 -6 0 
-11 -7 0 
-11 -8 0 
-11 -9 0 
-11 -10 0 
-11 -12 0 
-11 -13 0 
-11 -23 0 
-11 -24 0 
-11 -25 0 
-11 -35 0 
-11 -37 0 
-11 -39 0 
-11 -47 0 
-11 -50 0 
-11 -59 0 
-11 -63 0 
-11 -71 0 
-11 -76 0 
-11 -83 0 
-11 -89 0 
-11 -95 0 
-11 -102 0 
-11 -107 0 
-11 -115 0 
-11 -119 0 
-11 -128 0 
-11 -131 0 
-11 -141 0 
-11 -154 0 
-11 -167 0 
-12 -1 0 
-12 -2 0 
-12 -3 0 
-12 -4 0 
-12 -5 0 
-12 -6 0 
-12 -7 0 
-12 -8 0 
-12 -9 0 
-12 -10 0 
-12 -11 0 
-12 -13 0 
-12 -24 0 
-12 -25 0 
-12 -26 0 
-12 -36 0 
-12 -38 0 
-12 -48 0 
-12 -51 0 
-12 -60 0 
-12 -64 0 
-12 -72 0 
-12 -77 0 
-12 -84 0 
-12 -90 0 
-12 -96 0 
-12 -103 0 
-12 -108 0 
-12 -116 0 
-12 -120 0 
-12 -129 0 
-12 -132 0 
-12 -142 0 
-12 -144 0 
-12 -155 0 
-12 -168 0 
-13 -1 0 
-13 -2 0 
-13 -3 0 
-13 -4 0 
-13 -5 0 
-13 -6 0 
-13 -7 0 
-13 -8 0 
-13 -9 0 
-13 -10 0 
-13 -11 0 
-13 -12 0 
-13 -25 0 
-13 -26 0 
-13 -37 0 
-13 -39 0 
-13 -49 0 
-13 -52 0 
-13 -61 0 
-13 -65 0 
-13 -73 0 
-13 -78 0 
-13 -85 0 
-13 -91 0 
-13 -97 0 
-13 -104 0 
-13 -109 0 
-13 -117 0 
-13 -121 0 
-13 -130 0 
-13 -133 0 
-13 -143 0 
-13 -145 0 
-13 -156 0 
-13 -157 0 
-13 -169 0 
-14 -1 0 
-14 -2 0 
-14 -15 0 
-14 -16 0 
-14 -17 0 
-14 -18 0 
-14 -19 0 
-14 -20 0 
-14 -21 0 
-14 -22 0 
-14 -23 0 
-14 -24 0 
-14 -25 0 
-14 -26 0 
-14 -27 0 
-14 -28 0 
-14 -40 0 
-14 -42 0 
-14 -53 0 
-14 -56 0 
-14 -66 0 
-14 -70 0 
-14 -79 0 
-14 -84 0 
-14 -92 0 
-14 -98 0 
-14 -105 0 
-14 -112 0 
-14 -118 0 
-14 -126 0 
-14 -131 0 
-14 -140 0 
-14 -144 0 
-14 -154 0 
-14 -157 0 
-14 -168 0 
-15 -1 0 
-15 -2 0 
-15 -3 0 
-15 -14 0 
-15 -16 0 
-15 -17 0 
-15 -18 0 
-15 -19 0 
-15 -20 0 
-15 -21 0 
-15 -22 0 
-15 -23 0 
-15 -24 0 
-15 -25 0 
-15 -26 0 
-15 -27 0 
-15 -28 0 
-15 -29 0 
-15 -41 0 
-15 -43 0 
-15 -54 0 
-15 -57 0 
-15 -67 0 
-15 -71 0 
-15 -80 0 
-15 -85 0 
-15 -93 0 
-15 -99 0 
-15 -106 0 
-15 -113 0 
-15 -119 0 
-15 -127 0 
-15 -132 0 
-15 -141 0 
-15 -145 0 
-15 -155 0 
-15 -158 0 
-15 -169 0 
-16 -2 0 
-16 -3 0 
-16 -4 0 
-16 -14 0 
-16 -15 0 
-16 -17 0 
-16 -18 0 
-16 -19 0 
-16 -20 0 
-16 -21 0 
-16 -22 0 
-16 -23 0 
-16 -24 0 
-16 -25 0 
-16 -26 0 
-16 -28 0 
-16 -29 0 
-16 -30 0 
-16 -40 0 
-16 -42 0 
-16 -44 0 
-16 -55 0 
-16 -58 0 
-16 -68 0 
-16 -72 0 
-16 -81 0 
-16 -86 0 
-16 -94 0 
-16 -100 0 
-16 -107 0 
-16 -114 0 
-16 -120 0 
-16 -128 0 
-16 -133 0 
-16 -142 0 
-16 -146 0 
-16 -156 0 
-16 -159 0 
-17 -3 0 
-17 -4 0 
-17 -5 0 
-17 -14 0 
-17 -15 0 
-17 -16 0 
-17 -18 0 
-17 -19 0 
-17 -20 0 
-17 -21 0 
-17 -22 0 
-17 -23 0 
-17 -24 0 
-17 -25 0 
-17 -26 0 
-17 -29 0 
-17 -30 0 
-17 -31 0 
-17 -41 0 
-17 -43 0 
-17 -45 0 
-17 -53 0 
-17 -56 0 
-17 -59 0 
-17 -69 0 
-17 -73 0 
-17 -82 0 
-17 -87 0 
-17 -95 0 
-17 -101 0 
-17 -108 0 
-17 -115 0 
-17 -121 0 
-17 -129 0 
-17 -134 0 
-17 -143 0 
-17 -147 0 
-17 -160 0 
-18 -4 0 
-18 -5 0 
-18 -6 0 
-18 -14 0 
-18 -15 0 
-18 -16 0 
-18 -17 0 
-18 -19 0 
-18 -20 0 
-18 -21 0 
-18 -22 0 
-18 -23 0 
-18 -24 0 
-18 -25 0 
-18 -26 0 
-18 -30 0 
-18 -31 0 
-18 -32 0 
-18 -42 0 
-18 -44 0 
-18 -46 0 
-18 -54 0 
-18 -57 0 
-18 -60 0 
-18 -66 0 
-18 -70 0 
-18 -74 0 
-18 -83 0 
-18 -88 0 
-18 -96 0 
-18 -102 0 
-18 -109 0 
-18 -116 0 
-18 -122 0 
-18 -130 0 
-18 -135 0 
-18 -148 0 
-18 -161 0 
-19 -5 0 
-19 -6 0 
-19 -7 0 
-19 -14 0 
-19 -15 0 
-19 -16 0 
-19 -17 0 
-19 -18 0 
-19 -20 0 
-19 -21 0 
-19 -22 0 
-19 -23 0 
-19 -24 0 
-19 -25 0 
-19 -26 0 
-19 -31 0 
-19 -32 0 
-19 -33 0 
-19 -43 0 
-19 -45 0 
-19 -47 0 
-19 -55 0 
-19 -58 0 
-19 -61 0 
-19 -67 0 
-19 -71 0 
-19 -75 0 
-19 -79 0 
-19 -84 0 
-19 -89 0 
-19 -97 0 
-19 -103 0 
-19 -110 0 
-19 -117 0 
-19 -123 0 
-19 -136 0 
-19 -149 0 
-19 -162 0 
-20 -6 0 
-20 -7 0 
-20 -8 0 
-20 -14 0 
-20 -15 0 
-20 -16 0 
-20 -17 0 
-20 -18 0 
-20 -19 0 
-20 -21 0 
-20 -22 0 
-20 -23 0 
-20 -24 0 
-20 -25 0 
-20 -26 0 
-20 -32 0 
-20 -33 0 
-20 -34 0 
-20 -44 0 
-20 -46 0 
-20 -48 0 
-20 -56 0 
-20 -59 0 
-20 -62 0 
-20 -68 0 
-20 -72 0 
-20 -76 0 
-20 -80 0 
-20 -85 0 
-20 -90 0 
-20 -92 0 
-20 -98 0 
-20 -104 0 
-20 -111 0 
-20 -124 0 
-20 -137 0 
-20 -150 0 
-20 -163 0 
-21 -7 0 
-21 -8 0 
-21 -9 0 
-21 -14 0 
-21 -15 0 
-21 -16 0 
-21 -17 0 
-21 -18 0 
-21 -19 0 
-21 -20 0 
-21 -22 0 
-21 -23 0 
-21 -24 0 
-21 -25 0 
-21 -26 0 
-21 -33 0 
-21 -34 0 
-21 -35 0 
-21 -45 0 
-21 -47 0 
-21 -49 0 
-21 -57 0 
-21 -60 0 
-21 -63 0 
-21 -69 0 
-21 -73 0 
-21 -77 0 
-21 -81 0 
-21 -86 0 
-21 -91 0 
-21 -93 0 
-21 -99 0 
-21 -105 0 
-21 -112 0 
-21 -125 0 
-21 -138 0 
-21 -151 0 
-21 -164 0 
-22 -8 0 
-22 -9 0 
-22 -10 0 
-22 -14 0 
-22 -15 0 
-22 -16 0 
-22 -17 0 
-22 -18 0 
-22 -19 0 
-22 -20 0 
-22 -21 0 
-22 -23 0 
-22 -24 0 
-22 -25 0 
-22 -26 0 
-22 -34 0 
-22 -35 0 
-22 -36 0 
-22 -46 0 
-22 -48 0 
-22 -50 0 
-22 -58 0 
-22 -61 0 
-22 -64 0 
-22 -70 0 
-22 -74 0 
-22 -78 0 
-22 -82 0 
-22 -87 0 
-22 -94 0 
-22 -100 0 
-22 -106 0 
-22 -113 0 
-22 -118 0 
-22 -126 0 
-22 -139 0 
-22 -152 0 
-22 -165 0 
-23 -9 0 
-23 -10 0 
-23 -11 0 
-23 -14 0 
-23 -15 0 
-23 -16 0 
-23 -17 0 
-23 -18 0 
-23 -19 0 
-23 -20 0 
-23 -21 0 
-23 -22 0 
-23 -24 0 
-23 -25 0 
-23 -26 0 
-23 -35 0 
-23 -36 0 
-23 -37 0 
-23 -47 0 
-23 -49 0 
-23 -51 0 
-23 -59 0 
-23 -62 0 
-23 -65 0 
-23 -71 0 
-23 -75 0 
-23 -83 0 
-23 -88 0 
-23 -95 0 
-23 -101 0 
-23 -107 0 
-23 -114 0 
-23 -119 0 
-23 -127 0 
-23 -131 0 
-23 -140 0 
-23 -153 0 
-23 -166 0 
-24 -10 0 
-24 -11 0 
-24 -12 0 
-24 -14 0 
-24 -15 0 
-24 -16 0 
-24 -17 0 
-24 -18 0 
-24 -19 0 
-24 -20 0 
-24 -21 0 
-24 -22 0 
-24 -23 0 
-24 -25 0 
-24 -26 0 
-24 -36 0 
-24 -37 0 
-24 -38 0 
-24 -48 0 
-24 -50 0 
-24 -52 0 
-24 -60 0 
-24 -63 0 
-24 -72 0 
-24 -76 0 
-24 -84 0 
-24 -89 0 
-24 -96 0 
-24 -102 0 
-24 -108 0 
-24 -115 0 
-24 -120 0 
-24 -128 0 
-24 -132 0 
-24 -141 0 
-24 -144 0 
-24 -154 0 
-24 -167 0 
-25 -11 0 
-25 -12 0 
-25 -13 0 
-25 -14 0 
-25 -15 0 
-25 -16 0 
-25 -17 0 
-25 -18 0 
-25 -19 0 
-25 -20 0 
-25 -21 0 
-25 -22 0 
-25 -23 0 
-25 -24 0 
-25 -26 0 
-25 -37 0 
-25 -38 0 
-25 -39 0 
-25 -49 0 
-25 -51 0 
-25 -61 0 
-25 -64 0 
-25 -73 0 
-25 -77 0 
-25 -85 0 
-25 -90 0 
-25 -97 0 
-25 -103 0 
-25 -109 0 
-25 -116 0 
-25 -121 0 
-25 -129 0 
-25 -133 0 
-25 -142 0 
-25 -145 0 
-25 -155 0 
-25 -157 0 
-25 -168 0 
-26 -12 0 
-26 -13 0 
-26 -14 0 
-26 -15 0 
-26 -16 0 
-26 -17 0 
-26 -18 0 
-26 -19 0 
-26 -20 0 
-26 -21 0 
-26 -22 0 
-26 -23 0 
-26 -24 0 
-26 -25 0 
-26 -38 0 
-26 -39 0 
-26 -50 0 
-26 -52 0 
-26 -62 0 
-26 -65 0 
-26 -74 0 
-26 -78 0 
-26 -86 0 
-26 -91 0 
-26 -98 0 
-26 -104 0 
-26 -110 0 
-26 -117 0 
-26 -122 0 
-26 -130 0 
-26 -134 0 
-26 -143 0 
-26 -146 0 
-26 -156 0 
-26 -158 0 
-26 -169 0 
-27 -1 0 
-27 -3 0 
-27 -14 0 
-27 -15 0 
-27 -28 0 
-27 -29 0 
-27 -30 0 
-27 -31 0 
-27 -32 0 
-27 -33 0 
-27 -34 0 
-27 -35 0 
-27 -36 0 
-27 -37 0 
-27 -38 0 
-27 -39 0 
-27 -40 0 
-27 -41 0 
-27 -53 0 
-27 -55 0 
-27 -66 0 
-27 -69 0 
-27 -79 0 
-27 -83 0 
-27 -92 0 
-27 -97 0 
-27 -105 0 
-27 -111 0 
-27 -118 0 
-27 -125 0 
-27 -131 0 
-27 -139 0 
-27 -144 0 
-27 -153 0 
-27 -157 0 
-27 -167 0 
-28 -2 0 
-28 -4 0 
-28 -14 0 
-28 -15 0 
-28 -16 0 
-28 -27 0 
-28 -29 0 
-28 -30 0 
-28 -31 0 
-28 -32 0 
-28 -33 0 
-28 -34 0 
-28 -35 0 
-28 -36 0 
-28 -37 0 
-28 -38 0 
-28 -39 0 
-28 -40 0 
-28 -41 0 
-28 -42 0 
-28 -54 0 
-28 -56 0 
-28 -67 0 
-28 -70 0 
-28 -80 0 
-28 -84 0 
-28 -93 0 
-28 -98 0 
-28 -106 0 
-28 -112 0 
-28 -119 0 
-28 -126 0 
-28 -132 0 
-28 -140 0 
-28 -145 0 
-28 -154 0 
-28 -158 0 
-28 -168 0 
-29 -1 0 
-29 -3 0 
-29 -5 0 
-29 -15 0 
-29 -16 0 
-29 -17 0 
-29 -27 0 
-29 -28 0 
-29 -30 0 
-29 -31 0 
-29 -32 0 
-29 -33 0 
-29 -34 0 
-29 -35 0 
-29 -36 0 
-29 -37 0 
-29 -38 0 
-29 -39 0 
-29 -41 0 
-29 -42 0 
-29 -43 0 
-29 -53 0 
-29 -55 0 
-29 -57 0 
-29 -68 0 
-29 -71 0 
-29 -81 0 
-29 -85 0 
-29 -94 0 
-29 -99 0 
-29 -107 0 
-29 -113 0 
-29 -120 0 
-29 -127 0 
-29 -133 0 
-29 -141 0 
-29 -146 0 
-29 -155 0 
-29 -159 0 
-29 -169 0 
-30 -2 0 
-30 -4 0 
-30 -6 0 
-30 -16 0 
-30 -17 0 
-30 -18 0 
-30 -27 0 
-30 -28 0 
-30 -29 0 
-30 -31 0 
-30 -32 0 
-30 -33 0 
-30 -34 0 
-30 -35 0 
-30 -36 0 
-30 -37 0 
-30 -38 0 
-30 -39 0 
-30 -42 0 
-30 -43 0 
-30 -44 0 
-30 -54 0 
-30 -56 0 
-30 -58 0 
-30 -66 0 
-30 -69 0 
-30 -72 0 
-30 -82 0 
-30 -86 0 
-30 -95 0 
-30 -100 0 
-30 -108 0 
-30 -114 0 
-30 -121 0 
-30 -128 0 
-30 -134 0 
-30 -142 0 
-30 -147 0 
-30 -156 0 
-30 -160 0 
-31 -3 0 
-31 -5 0 
-31 -7 0 
-31 -17 0 
-31 -18 0 
-31 -19 0 
-31 -27 0 
-31 -28 0 
-31 -29 0 
-31 -30 0 
-31 -32 0 
-31 -33 0 
-31 -34 0 
-31 -35 0 
-31 -36 0 
-31 -37 0 
-31 -38 0 
-31 -39 0 
-31 -43 0 
-31 -44 0 
-31 -45 0 
-31 -55 0 
-31 -57 0 
-31 -59 0 
-31 -67 0 
-31 -70 0 
-31 -73 0 
-31 -79 0 
-31 -83 0 
-31 -87 0 
-31 -96 0 
-31 -101 0 
-31 -109 0 
-31 -115 0 
-31 -122 0 
-31 -129 0 
-31 -135 0 
-31 -143 0 
-31 -148 0 
-31 -161 0 
-32 -4 0 
-32 -6 0 
-32 -8 0 
-32 -18 0 
-32 -19 0 
-32 -20 0 
-32 -27 0 
-32 -28 0 
-32 -29 0 
-32 -30 0 
-32 -31 0 
-32 -33 0 
-32 -34 0 
-32 -35 0 
-32 -36 0 
-32 -37 0 
-32 -38 0 
-32 -39 0 
-32 -44 0 
-32 -45 0 
-32 -46 0 
-32 -56 0 
-32 -58 0 
-32 -60 0 
-32 -68 0 
-32 -71 0 
-32 -74 0 
-32 -80 0 
-32 -84 0 
-32 -88 0 
-32 -92 0 
-32 -97 0 
-32 -102 0 
-32 -110 0 
-32 -116 0 
-32 -123 0 
-32 -130 0 
-32 -136 0 
-32 -149 0 
-32 -162 0 
-33 -5 0 
-33 -7 0 
-33 -9 0 
-33 -19 0 
-33 -20 0 
-33 -21 0 
-33 -27 0 
-33 -28 0 
-33 -29 0 
-33 -30 0 
-33 -31 0 
-33 -32 0 
-33 -34 0 
-33 -35 0 
-33 -36 0 
-33 -37 0 
-33 -38 0 
-33 -39 0 
-33 -45 0 
-33 -46 0 
-33 -47 0 
-33 -57 0 
-33 -59 0 
-33 -61 0 
-33 -69 0 
-33 -72 0 
-33 -75 0 
-33 -81 0 
-33 -85 0 
-33 -89 0 
-33 -93 0 
-33 -98 0 
-33 -103 0 
-33 -105 0 
-33 -111 0 
-33 -117 0 
-33 -124 0 
-33 -137 0 
-33 -150 0 
-33 -163 0 
-34 -6 0 
-34 -8 0 
-34 -10 0 
-34 -20 0 
-34 -21 0 
-34 -22 0 
-34 -27 0 
-34 -28 0 
-34 -29 0 
-34 -30 0 
-34 -31 0 
-34 -32 0 
-34 -33 0 
-34 -35 0 
-34 -36 0 
-34 -37 0 
-34 -38 0 
-34 -39 0 
-34 -46 0 
-34 -47 0 
-34 -48 0 
-34 -58 0 
-34 -60 0 
-34 -62 0 
-34 -70 0 
-34 -73 0 
-34 -76 0 
-34 -82 0 
-34 -86 0 
-34 -90 0 
-34 -94 0 
-34 -99 0 
-34 -104 0 
-34 -106 0 
-34 -112 0 
-34 -118 0 
-34 -125 0 
-34 -138 0 
-34 -151 0 
-34 -164 0 
-35 -7 0 
-35 -9 0 
-35 -11 0 
-35 -21 0 
-35 -22 0 
-35 -23 0 
-35 -27 0 
-35 -28 0 
-35 -29 0 
-35 -30 0 
-35 -31 0 
-35 -32 0 
-35 -33 0 
-35 -34 0 
-35 -36 0 
-35 -37 0 
-35 -38 0 
-35 -39 0 
-35 -47 0 
-35 -48 0 
-35 -49 0 
-35 -59 0 
-35 -61 0 
-35 -63 0 
-35 -71 0 
-35 -74 0 
-35 -77 0 
-35 -83 0 
-35 -87 0 
-35 -91 0 
-35 -95 0 
-35 -100 0 
-35 -107 0 
-35 -113 0 
-35 -119 0 
-35 -126 0 
-35 -131 0 
-35 -139 0 
-35 -152 0 
-35 -165 0 
-36 -8 0 
-36 -10 0 
-36 -12 0 
-36 -22 0 
-36 -23 0 
-36 -24 0 
-36 -27 0 
-36 -28 0 
-36 -29 0 
-36 -30 0 
-36 -31 0 
-36 -32 0 
-36 -33 0 
-36 -34 0 
-36 -35 0 
-36 -37 0 
-36 -38 0 
-36 -39 0 
-36 -48 0 
-36 -49 0 
-36 -50 0 
-36 -60 0 
-36 -62 0 
-36 -64 0 
-36 -72 0 
-36 -75 0 
-36 -78 0 
-36 -84 0 
-36 -88 0 
-36 -96 0 
-36 -101 0 
-36 -108 0 
-36 -114 0 
-36 -120 0 
-36 -127 0 
-36 -132 0 
-36 -140 0 
-36 -144 0 
-36 -153 0 
-36 -166 0 
-37 -9 0 
-37 -11 0 
-37 -13 0 
-37 -23 0 
-37 -24 0 
-37 -25 0 
-37 -27 0 
-37 -28 0 
-37 -29 0 
-37 -30 0 
-37 -31 0 
-37 -32 0 
-37 -33 0 
-37 -34 0 
-37 -35 0 
-37 -36 0 
-37 -38 0 
-37 -39 0 
-37 -49 0 
-37 -50 0 
-37 -51 0 
-37 -61 0 
-37 -63 0 
-37 -65 0 
-37 -73 0 
-37 -76 0 
-37 -85 0 
-37 -89 0 
-37 -97 0 
-37 -102 0 
-37 -109 0 
-37 -115 0 
-37 -121 0 
-37 -128 0 
-37 -133 0 
-37 -141 0 
-37 -145 0 
-37 -154 0 
-37 -157 0 
-37 -167 0 
-38 -10 0 
-38 -12 0 
-38 -24 0 
-38 -25 0 
-38 -26 0 
-38 -27 0 
-38 -28 0 
-38 -29 0 
-38 -30 0 
-38 -31 0 
-38 -32 0 
-38 -33 0 
-38 -34 0 
-38 -35 0 
-38 -36 0 
-38 -37 0 
-38 -39 0 
-38 -50 0 
-38 -51 0 
-38 -52 0 
-38 -62 0 
-38 -64 0 
-38 -74 0 
-38 -77 0 
-38 -86 0 
-38 -90 0 
-38 -98 0 
-38 -103 0 
-38 -110 0 
-38 -116 0 
-38 -122 0 
-38 -129 0 
-38 -134 0 
-38 -142 0 
-38 -146 0 
-38 -155 0 
-38 -158 0 
-38 -168 0 
-39 -11 0 
-39 -13 0 
-39 -25 0 
-39 -26 0 
-39 -27 0 
-39 -28 0 
-39 -29 0 
-39 -30 0 
-39 -31 0 
-39 -32 0 
-39 -33 0 
-39 -34 0 
-39 -35 0 
-39 -36 0 
-39 -37 0 
-39 -38 0 
-39 -51 0 
-39 -52 0 
-39 -63 0 
-39 -65 0 
-39 -75 0 
-39 -78 0 
-39 -87 0 
-39 -91 0 
-39 -99 0 
-39 -104 0 
-39 -111 0 
-39 -117 0 
-39 -123 0 
-39 -130 0 
-39 -135 0 
-39 -143 0 
-39 -147 0 
-39 -156 0 
-39 -159 0 
-39 -169 0 
-40 -1 0 
-40 -4 0 
-40 -14 0 
-40 -16 0 
-40 -27 0 
-40 -28 0 
-40 -41 0 
-40 -42 0 
-40 -43 0 
-40 -44 0 
-40 -45 0 
-40 -46 0 
-40 -47 0 
-40 -48 0 
-40 -49 0 
-40 -50 0 
-40 -51 0 
-40 -52 0 
-40 -53 0 
-40 -54 0 
-40 -66 0 
-40 -68 0 
-40 -79 0 
-40 -82 0 
-40 -92 0 
-40 -96 0 
-40 -105 0 
-40 -110 0 
-40 -118 0 
-40 -124 0 
-40 -131 0 
-40 -138 0 
-40 -144 0 
-40 -152 0 
-40 -157 0 
-40 -166 0 
-41 -2 0 
-41 -5 0 
-41 -15 0 
-41 -17 0 
-41 -27 0 
-41 -28 0 
-41 -29 0 
-41 -40 0 
-41 -42 0 
-41 -43 0 
-41 -44 0 
-41 -45 0 
-41 -46 0 
-41 -47 0 
-41 -48 0 
-41 -49 0 
-41 -50 0 
-41 -51 0 
-41 -52 0 
-41 -53 0 
-41 -54 0 
-41 -55 0 
-41 -67 0 
-41 -69 0 
-41 -80 0 
-41 -83 0 
-41 -93 0 
-41 -97 0 
-41 -106 0 
-41 -111 0 
-41 -119 0 
-41 -125 0 
-41 -132 0 
-41 -139 0 
-41 -145 0 
-41 -153 0 
-41 -158 0 
-41 -167 0 
-42 -3 0 
-42 -6 0 
-42 -14 0 
-42 -16 0 
-42 -18 0 
-42 -28 0 
-42 -29 0 
-42 -30 0 
-42 -40 0 
-42 -41 0 
-42 -43 0 
-42 -44 0 
-42 -45 0 
-42 -46 0 
-42 -47 0 
-42 -48 0 
-42 -49 0 
-42 -50 0 
-42 -51 0 
-42 -52 0 
-42 -54 0 
-42 -55 0 
-42 -56 0 
-42 -66 0 
-42 -68 0 
-42 -70 0 
-42 -81 0 
-42 -84 0 
-42 -94 0 
-42 -98 0 
-42 -107 0 
-42 -112 0 
-42 -120 0 
-42 -126 0 
-42 -133 0 
-42 -140 0 
-42 -146 0 
-42 -154 0 
-42 -159 0 
-42 -168 0 
-43 -1 0 
-43 -4 0 
-43 -7 0 
-43 -15 0 
-43 -17 0 
-43 -19 0 
-43 -29 0 
-43 -30 0 
-43 -31 0 
-43 -40 0 
-43 -41 0 
-43 -42 0 
-43 -44 0 
-43 -45 0 
-43 -46 0 
-43 -47 0 
-43 -48 0 
-43 -49 0 
-43 -50 0 
-43 -51 0 
-43 -52 0 
-43 -55 0 
-43 -56 0 
-43 -57 0 
-43 -67 0 
-43 -69 0 
-43 -71 0 
-43 -79 0 
-43 -82 0 
-43 -85 0 
-43 -95 0 
-43 -99 0 
-43 -108 0 
-43 -113 0 
-43 -121 0 
-43 -127 0 
-43 -134 0 
-43 -141 0 
-43 -147 0 
-43 -155 0 
-43 -160 0 
-43 -169 0 
-44 -2 0 
-44 -5 0 
-44 -8 0 
-44 -16 0 
-44 -18 0 
-44 -20 0 
-44 -30 0 
-44 -31 0 
-44 -32 0 
-44 -40 0 
-44 -41 0 
-44 -42 0 
-44 -43 0 
-44 -45 0 
-44 -46 0 
-44 -47 0 
-44 -48 0 
-44 -49 0 
-44 -50 0 
-44 -51 0 
-44 -52 0 
-44 -56 0 
-44 -57 0 
-44 -58 0 
-44 -68 0 
-44 -70 0 
-44 -72 0 
-44 -80 0 
-44 -83 0 
-44 -86 0 
-44 -92 0 
-44 -96 0 
-44 -100 0 
-44 -109 0 
-44 -114 0 
-44 -122 0 
-44 -128 0 
-44 -135 0 
-44 -142 0 
-44 -148 0 
-44 -156 0 
-44 -161 0 
-45 -3 0 
-45 -6 0 
-45 -9 0 
-45 -17 0 
-45 -19 0 
-45 -21 0 
-45 -31 0 
-45 -32 0 
-45 -33 0 
-45 -40 0 
-45 -41 0 
-45 -42 0 
-45 -43 0 
-45 -44 0 
-45 -46 0 
-45 -47 0 
-45 -48 0 
-45 -49 0 
-45 -50 0 
-45 -51 0 
-45 -52 0 
-45 -57 0 
-45 -58 0 
-45 -59 0 
-45 -69 0 
-45 -71 0 
-45 -73 0 
-45 -81 0 
-45 -84 0 
-45 -87 0 
-45 -93 0 
-45 -97 0 
-45 -101 0 
-45 -105 0 
-45 -110 0 
-45 -115 0 
-45 -123 0 
-45 -129 0 
-45 -136 0 
-45 -143 0 
-45 -149 0 
-45 -162 0 
-46 -4 0 
-46 -7 0 
-46 -10 0 
-46 -18 0 
-46 -20 0 
-46 -22 0 
-46 -32 0 
-46 -33 0 
-46 -34 0 
-46 -40 0 
-46 -41 0 
-46 -42 0 
-46 -43 0 
-46 -44 0 
-46 -45 0 
-46 -47 0 
-46 -48 0 
-46 -49 0 
-46 -50 0 
-46 -51 0 
-46 -52 0 
-46 -58 0 
-46 -59 0 
-46 -60 0 
-46 -70 0 
-46 -72 0 
-46 -74 0 
-46 -82 0 
-46 -85 0 
-46 -88 0 
-46 -94 0 
-46 -98 0 
-46 -102 0 
-46 -106 0 
-46 -111 0 
-46 -116 0 
-46 -118 0 
-46 -124 0 
-46 -130 0 
-46 -137 0 
-46 -150 0 
-46 -163 0 
-47 -5 0 
-47 -8 0 
-47 -11 0 
-47 -19 0 
-47 -21 0 
-47 -23 0 
-47 -33 0 
-47 -34 0 
-47 -35 0 
-47 -40 0 
-47 -41 0 
-47 -42 0 
-47 -43 0 
-47 -44 0 
-47 -45 0 
-47 -46 0 
-47 -48 0 
-47 -49 0 
-47 -50 0 
-47 -51 0 
-47 -52 0 
-47 -59 0 
-47 -60 0 
-47 -61 0 
-47 -71 0 
-47 -73 0 
-47 -75 0 
-47 -83 0 
-47 -86 0 
-47 -89 0 
-47 -95 0 
-47 -99 0 
-47 -103 0 
-47 -107 0 
-47 -112 0 
-47 -117 0 
-47 -119 0 
-47 -125 0 
-47 -131 0 
-47 -138 0 
-47 -151 0 
-47 -164 0 
-48 -6 0 
-48 -9 0 
-48 -12 0 
-48 -20 0 
-48 -22 0 
-48 -24 0 
-48 -34 0 
-48 -35 0 
-48 -36 0 
-48 -40 0 
-48 -41 0 
-48 -42 0 
-48 -43 0 
-48 -44 0 
-48 -45 0 
-48 -46 0 
-48 -47 0 
-48 -49 0 
-48 -50 0 
-48 -51 0 
-48 -52 0 
-48 -60 0 
-48 -61 0 
-48 -62 0 
-48 -72 0 
-48 -74 0 
-48 -76 0 
-48 -84 0 
-48 -87 0 
-48 -90 0 
-48 -96 0 
-48 -100 0 
-48 -104 0 
-48 -108 0 
-48 -113 0 
-48 -120 0 
-48 -126 0 
-48 -132 0 
-48 -139 0 
-48 -144 0 
-48 -152 0 
-48 -165 0 
-49 -7 0 
-49 -10 0 
-49 -13 0 
-49 -21 0 
-49 -23 0 
-49 -25 0 
-49 -35 0 
-49 -36 0 
-49 -37 0 
-49 -40 0 
-49 -41 0 
-49 -42 0 
-49 -43 0 
-49 -44 0 
-49 -45 0 
-49 -46 0 
-49 -47 0 
-49 -48 0 
-49 -50 0 
-49 -51 0 
-49 -52 0 
-49 -61 0 
-49 -62 0 
-49 -63 0 
-49 -73 0 
-49 -75 0 
-49 -77 0 
-49 -85 0 
-49 -88 0 
-49 -91 0 
-49 -97 0 
-49 -101 0 
-49 -109 0 
-49 -114 0 
-49 -121 0 
-49 -127 0 
-49 -133 0 
-49 -140 0 
-49 -145 0 
-49 -153 0 
-49 -157 0 
-49 -166 0 
-50 -8 0 
-50 -11 0 
-50 -22 0 
-50 -24 0 
-50 -26 0 
-50 -36 0 
-50 -37 0 
-50 -38 0 
-50 -40 0 
-50 -41 0 
-50 -42 0 
-50 -43 0 
-50 -44 0 
-50 -45 0 
-50 -46 0 
-50 -47 0 
-50 -48 0 
-50 -49 0 
-50 -51 0 
-50 -52 0 
-50 -62 0 
-50 -63 0 
-50 -64 0 
-50 -74 0 
-50 -76 0 
-50 -78 0 
-50 -86 0 
-50 -89 0 
-50 -98 0 
-50 -102 0 
-50 -110 0 
-50 -115 0 
-50 -122 0 
-50 -128 0 
-50 -134 0 
-50 -141 0 
-50 -146 0 
-50 -154 0 
-50 -158 0 
-50 -167 0 
-51 -9 0 
-51 -12 0 
-51 -23 0 
-51 -25 0 
-51 -37 0 
-51 -38 0 
-51 -39 0 
-51 -40 0 
-51 -41 0 
-51 -42 0 
-51 -43 0 
-51 -44 0 
-51 -45 0 
-51 -46 0 
-51 -47 0 
-51 -48 0 
-51 -49 0 
-51 -50 0 
-51 -52 0 
-51 -63 0 
-51 -64 0 
-51 -65 0 
-51 -75 0 
-51 -77 0 
-51 -87 0 
-51 -90 0 
-51 -99 0 
-51 -103 0 
-51 -111 0 
-51 -116 0 
-51 -123 0 
-51 -129 0 
-51 -135 0 
-51 -142 0 
-51 -147 0 
-51 -155 0 
-51 -159 0 
-51 -168 0 
-52 -10 0 
-52 -13 0 
-52 -24 0 
-52 -26 0 
-52 -38 0 
-52 -39 0 
-52 -40 0 
-52 -41 0 
-52 -42 0 
-52 -43 0 
-52 -44 0 
-52 -45 0 
-52 -46 0 
-52 -47 0 
-52 -48 0 
-52 -49 0 
-52 -50 0 
-52 -51 0 
-52 -64 0 
-52 -65 0 
-52 -76 0 
-52 -78 0 
-52 -88 0 
-52 -91 0 
-52 -100 0 
-52 -104 0 
-52 -112 0 
-52 -117 0 
-52 -124 0 
-52 -130 0 
-52 -136 0 
-52 -143 0 
-52 -148 0 
-52 -156 0 
-52 -160 0 
-52 -169 0 
-53 -1 0 
-53 -5 0 
-53 -14 0 
-53 -17 0 
-53 -27 0 
-53 -29 0 
-53 -40 0 
-53 -41 0 
-53 -54 0 
-53 -55 0 
-53 -56 0 
-53 -57 0 
-53 -58 0 
-53 -59 0 
-53 -60 0 
-53 -61 0 
-53 -62 0 
-53 -63 0 
-53 -64 0 
-53 -65 0 
-53 -66 0 
-53 -67 0 
-53 -79 0 
-53 -81 0 
-53 -92 0 
-53 -95 0 
-53 -105 0 
-53 -109 0 
-53 -118 0 
-53 -123 0 
-53 -131 0 
-53 -137 0 
-53 -144 0 
-53 -151 0 
-53 -157 0 
-53 -165 0 
-54 -2 0 
-54 -6 0 
-54 -15 0 
-54 -18 0 
-54 -28 0 
-54 -30 0 
-54 -40 0 
-54 -41 0 
-54 -42 0 
-54 -53 0 
-54 -55 0 
-54 -56 0 
-54 -57 0 
-54 -58 0 
-54 -59 0 
-54 -60 0 
-54 -61 0 
-54 -62 0 
-54 -63 0 
-54 -64 0 
-54 -65 0 
-54 -66 0 
-54 -67 0 
-54 -68 0 
-54 -80 0 
-54 -82 0 
-54 -93 0 
-54 -96 0 
-54 -106 0 
-54 -110 0 
-54 -119 0 
-54 -124 0 
-54 -132 0 
-54 -138 0 
-54 -145 0 
-54 -152 0 
-54 -158 0 
-54 -166 0 
-55 -3 0 
-55 -7 0 
-55 -16 0 
-55 -19 0 
-55 -27 0 
-55 -29 0 
-55 -31 0 
-55 -41 0 
-55 -42 0 
-55 -43 0 
-55 -53 0 
-55 -54 0 
-55 -56 0 
-55 -57 0 
-55 -58 0 
-55 -59 0 
-55 -60 0 
-55 -61 0 
-55 -62 0 
-55 -63 0 
-55 -64 0 
-55 -65 0 
-55 -67 0 
-55 -68 0 
-55 -69 0 
-55 -79 0 
-55 -81 0 
-55 -83 0 
-55 -94 0 
-55 -97 0 
-55 -107 0 
-55 -111 0 
-55 -120 0 
-55 -125 0 
-55 -133 0 
-55 -139 0 
-55 -146 0 
-55 -153 0 
-55 -159 0 
-55 -167 0 
-56 -4 0 
-56 -8 0 
-56 -14 0 
-56 -17 0 
-56 -20 0 
-56 -28 0 
-56 -30 0 
-56 -32 0 
-56 -42 0 
-56 -43 0 
-56 -44 0 
-56 -53 0 
-56 -54 0 
-56 -55 0 
-56 -57 0 
-56 -58 0 
-56 -59 0 
-56 -60 0 
-56 -61 0 
-56 -62 0 
-56 -63 0 
-56 -64 0 
-56 -65 0 
-56 -68 0 
-56 -69 0 
-56 -70 0 
-56 -80 0 
-56 -82 0 
-56 -84 0 
-56 -92 0 
-56 -95 0 
-56 -98 0 
-56 -108 0 
-56 -112 0 
-56 -121 0 
-56 -126 0 
-56 -134 0 
-56 -140 0 
-56 -147 0 
-56 -154 0 
-56 -160 0 
-56 -168 0 
-57 -1 0 
-57 -5 0 
-57 -9 0 
-57 -15 0 
-57 -18 0 
-57 -21 0 
-57 -29 0 
-57 -31 0 
-57 -33 0 
-57 -43 0 
-57 -44 0 
-57 -45 0 
-57 -53 0 
-57 -54 0 
-57 -55 0 
-57 -56 0 
-57 -58 0 
-57 -59 0 
-57 -60 0 
-57 -61 0 
-57 -62 0 
-57 -63 0 
-57 -64 0 
-57 -65 0 
-57 -69 0 
-57 -70 0 
-57 -71 0 
-57 -81 0 
-57 -83 0 
-57 -85 0 
-57 -93 0 
-57 -96 0 
-57 -99 0 
-57 -105 0 
-57 -109 0 
-57 -113 0 
-57 -122 0 
-57 -127 0 
-57 -135 0 
-57 -141 0 
-57 -148 0 
-57 -155 0 
-57 -161 0 
-57 -169 0 
-58 -2 0 
-58 -6 0 
-58 -10 0 
-58 -16 0 
-58 -19 0 
-58 -22 0 
-58 -30 0 
-58 -32 0 
-58 -34 0 
-58 -44 0 
-58 -45 0 
-58 -46 0 
-58 -53 0 
-58 -54 0 
-58 -55 0 
-58 -56 0 
-58 -57 0 
-58 -59 0 
-58 -60 0 
-58 -61 0 
-58 -62 0 
-58 -63 0 
-58 -64 0 
-58 -65 0 
-58 -70 0 
-58 -71 0 
-58 -72 0 
-58 -82 0 
-58 -84 0 
-58 -86 0 
-58 -94 0 
-58 -97 0 
-58 -100 0 
-58 -106 0 
-58 -110 0 
-58 -114 0 
-58 -118 0 
-58 -123 0 
-58 -128 0 
-58 -136 0 
-58 -142 0 
-58 -149 0 
-58 -156 0 
-58 -162 0 
-59 -3 0 
-59 -7 0 
-59 -11 0 
-59 -17 0 
-59 -20 0 
-59 -23 0 
-59 -31 0 
-59 -33 0 
-59 -35 0 
-59 -45 0 
-59 -46 0 
-59 -47 0 
-59 -53 0 
-59 -54 0 
-59 -55 0 
-59 -56 0 
-59 -57 0 
-59 -58 0 
-59 -60 0 
-59 -61 0 
-59 -62 0 
-59 -63 0 
-59 -64 0 
-59 -65 0 
-59 -71 0 
-59 -72 0 
-59 -73 0 
-59 -83 0 
-59 -85 0 
-59 -87 0 
-59 -95 0 
-59 -98 0 
-59 -101 0 
-59 -107 0 
-59 -111 0 
-59 -115 0 
-59 -119 0 
-59 -124 0 
-59 -129 0 
-59 -131 0 
-59 -137 0 
-59 -143 0 
-59 -150 0 
-59 -163 0 
-60 -4 0 
-60 -8 0 
-60 -12 0 
-60 -18 0 
-60 -21 0 
-60 -24 0 
-60 -32 0 
-60 -34 0 
-60 -36 0 
-60 -46 0 
-60 -47 0 
-60 -48 0 
-60 -53 0 
-60 -54 0 
-60 -55 0 
-60 -56 0 
-60 -57 0 
-60 -58 0 
-60 -59 0 
-60 -61 0 
-60 -62 0 
-60 -63 0 
-60 -64 0 
-60 -65 0 
-60 -72 0 
-60 -73 0 
-60 -74 0 
-60 -84 0 
-60 -86 0 
-60 -88 0 
-60 -96 0 
-60 -99 0 
-60 -102 0 
-60 -108 0 
-60 -112 0 
-60 -116 0 
-60 -120 0 
-60 -125 0 
-60 -130 0 
-60 -132 0 
-60 -138 0 
-60 -144 0 
-60 -151 0 
-60 -164 0 
-61 -5 0 
-61 -9 0 
-61 -13 0 
-61 -19 0 
-61 -22 0 
-61 -25 0 
-61 -33 0 
-61 -35 0 
-61 -37 0 
-61 -47 0 
-61 -48 0 
-61 -49 0 
-61 -53 0 
-61 -54 0 
-61 -55 0 
-61 -56 0 
-61 -57 0 
-61 -58 0 
-61 -59 0 
-61 -60 0 
-61 -62 0 
-61 -63 0 
-61 -64 0 
-61 -65 0 
-61 -73 0 
-61 -74 0 
-61 -75 0 
-61 -85 0 
-61 -87 0 
-61 -89 0 
-61 -97 0 
-61 -100 0 
-61 -103 0 
-61 -109 0 
-61 -113 0 
-61 -117 0 
-61 -121 0 
-61 -126 0 
-61 -133 0 
-61 -139 0 
-61 -145 0 
-61 -152 0 
-61 -157 0 
-61 -165 0 
-62 -6 0 
-62 -10 0 
-62 -20 0 
-62 -23 0 
-62 -26 0 
-62 -34 0 
-62 -36 0 
-62 -38 0 
-62 -48 0 
-62 -49 0 
-62 -50 0 
-62 -53 0 
-62 -54 0 
-62 -55 0 
-62 -56 0 
-62 -57 0 
-62 -58 0 
-62 -59 0 
-62 -60 0 
-62 -61 0 
-62 -63 0 
-62 -64 0 
-62 -65 0 
-62 -74 0 
-62 -75 0 
-62 -76 0 
-62 -86 0 
-62 -88 0 
-62 -90 0 
-62 -98 0 
-62 -101 0 
-62 -104 0 
-62 -110 0 
-62 -114 0 
-62 -122 0 
-62 -127 0 
-62 -134 0 
-62 -140 0 
-62 -146 0 
-62 -153 0 
-62 -158 0 
-62 -166 0 
-63 -7 0 
-63 -11 0 
-63 -21 0 
-63 -24 0 
-63 -35 0 
-63 -37 0 
-63 -39 0 
-63 -49 0 
-63 -50 0 
-63 -51 0 
-63 -53 0 
-63 -54 0 
-63 -55 0 
-63 -56 0 
-63 -57 0 
-63 -58 0 
-63 -59 0 
-63 -60 0 
-63 -61 0 
-63 -62 0 
-63 -64 0 
-63 -65 0 
-63 -75 0 
-63 -76 0 
-63 -77 0 
-63 -87 0 
-63 -89 0 
-63 -91 0 
-63 -99 0 
-63 -102 0 
-63 -111 0 
-63 -115 0 
-63 -123 0 
-63 -128 0 
-63 -135 0 
-63 -141 0 
-63 -147 0 
-63 -154 0 
-63 -159 0 
-63 -167 0 
-64 -8 0 
-64 -12 0 
-64 -22 0 
-64 -25 0 
-64 -36 0 
-64 -38 0 
-64 -50 0 
-64 -51 0 
-64 -52 0 
-64 -53 0 
-64 -54 0 
-64 -55 0 
-64 -56 0 
-64 -57 0 
-64 -58 0 
-64 -59 0 
-64 -60 0 
-64 -61 0 
-64 -62 0 
-64 -63 0 
-64 -65 0 
-64 -76 0 
-64 -77 0 
-64 -78 0 
-64 -88 0 
-64 -90 0 
-64 -100 0 
-64 -103 0 
-64 -112 0 
-64 -116 0 
-64 -124 0 
-64 -129 0 
-64 -136 0 
-64 -142 0 
-64 -148 0 
-64 -155 0 
-64 -160 0 
-64 -168 0 
-65 -9 0 
-65 -13 0 
-65 -23 0 
-65 -26 0 
-65 -37 0 
-65 -39 0 
-65 -51 0 
-65 -52 0 
-65 -53 0 
-65 -54 0 
-65 -55 0 
-65 -56 0 
-65 -57 0 
-65 -58 0 
-65 -59 0 
-65 -60 0 
-65 -61 0 
-65 -62 0 
-65 -63 0 
-65 -64 0 
-65 -77 0 
-65 -78 0 
-65 -89 0 
-65 -91 0 
-65 -101 0 
-65 -104 0 
-65 -113 0 
-65 -117 0 
-65 -125 0 
-65 -130 0 
-65 -137 0 
-65 -143 0 
-65 -149 0 
-65 -156 0 
-65 -161 0 
-65 -169 0 
-66 -1 0 
-66 -6 0 
-66 -14 0 
-66 -18 0 
-66 -27 0 
-66 -30 0 
-66 -40 0 
-66 -42 0 
-66 -53 0 
-66 -54 0 
-66 -67 0 
-66 -68 0 
-66 -69 0 
-66 -70 0 
-66 -71 0 
-66 -72 0 
-66 -73 0 
-66 -74 0 
-66 -75 0 
-66 -76 0 
-66 -77 0 
-66 -78 0 
-66 -79 0 
-66 -80 0 
-66 -92 0 
-66 -94 0 
-66 -105 0 
-66 -108 0 
-66 -118 0 
-66 -122 0 
-66 -131 0 
-66 -136 0 
-66 -144 0 
-66 -150 0 
-66 -157 0 
-66 -164 0 
-67 -2 0 
-67 -7 0 
-67 -15 0 
-67 -19 0 
-67 -28 0 
-67 -31 0 
-67 -41 0 
-67 -43 0 
-67 -53 0 
-67 -54 0 
-67 -55 0 
-67 -66 0 
-67 -68 0 
-67 -69 0 
-67 -70 0 
-67 -71 0 
-67 -72 0 
-67 -73 0 
-67 -74 0 
-67 -75 0 
-67 -76 0 
-67 -77 0 
-67 -78 0 
-67 -79 0 
-67 -80 0 
-67 -81 0 
-67 -93 0 
-67 -95 0 
-67 -106 0 
-67 -109 0 
-67 -119 0 
-67 -123 0 
-67 -132 0 
-67 -137 0 
-67 -145 0 
-67 -151 0 
-67 -158 0 
-67 -165 0 
-68 -3 0 
-68 -8 0 
-68 -16 0 
-68 -20 0 
-68 -29 0 
-68 -32 0 
-68 -40 0 
-68 -42 0 
-68 -44 0 
-68 -54 0 
-68 -55 0 
-68 -56 0 
-68 -66 0 
-68 -67 0 
-68 -69 0 
-68 -70 0 
-68 -71 0 
-68 -72 0 
-68 -73 0 
-68 -74 0 
-68 -75 0 
-68 -76 0 
-68 -77 0 
-68 -78 0 
-68 -80 0 
-68 -81 0 
-68 -82 0 
-68 -92 0 
-68 -94 0 
-68 -96 0 
-68 -107 0 
-68 -110 0 
-68 -120 0 
-68 -124 0 
-68 -133 0 
-68 -138 0 
-68 -146 0 
-68 -152 0 
-68 -159 0 
-68 -166 0 
-69 -4 0 
-69 -9 0 
-69 -17 0 
-69 -21 0 
-69 -27 0 
-69 -30 0 
-69 -33 0 
-69 -41 0 
-69 -43 0 
-69 -45 0 
-69 -55 0 
-69 -56 0 
-69 -57 0 
-69 -66 0 
-69 -67 0 
-69 -68 0 
-69 -70 0 
-69 -71 0 
-69 -72 0 
-69 -73 0 
-69 -74 0 
-69 -75 0 
-69 -76 0 
-69 -77 0 
-69 -78 0 
-69 -81 0 
-69 -82 0 
-69 -83 0 
-69 -93 0 
-69 -95 0 
-69 -97 0 
-69 -105 0 
-69 -108 0 
-69 -111 0 
-69 -121 0 
-69 -125 0 
-69 -134 0 
-69 -139 0 
-69 -147 0 
-69 -153 0 
-69 -160 0 
-69 -167 0 
-70 -5 0 
-70 -10 0 
-70 -14 0 
-70 -18 0 
-70 -22 0 
-70 -28 0 
-70 -31 0 
-70 -34 0 
-70 -42 0 
-70 -44 0 
-70 -46 0 
-70 -56 0 
-70 -57 0 
-70 -58 0 
-70 -66 0 
-70 -67 0 
-70 -68 0 
-70 -69 0 
-70 -71 0 
-70 -72 0 
-70 -73 0 
-70 -74 0 
-70 -75 0 
-70 -76 0 
-70 -77 0 
-70 -78 0 
-70 -82 0 
-70 -83 0 
-70 -84 0 
-70 -94 0 
-70 -96 0 
-70 -98 0 
-70 -106 0 
-70 -109 0 
-70 -112 0 
-70 -118 0 
-70 -122 0 
-70 -126 0 
-70 -135 0 
-70 -140 0 
-70 -148 0 
-70 -154 0 
-70 -161 0 
-70 -168 0 
-71 -1 0 
-71 -6 0 
-71 -11 0 
-71 -15 0 
-71 -19 0 
-71 -23 0 
-71 -29 0 
-71 -32 0 
-71 -35 0 
-71 -43 0 
-71 -45 0 
-71 -47 0 
-71 -57 0 
-71 -58 0 
-71 -59 0 
-71 -66 0 
-71 -67 0 
-71 -68 0 
-71 -69 0 
-71 -70 0 
-71 -72 0 
-71 -73 0 
-71 -74 0 
-71 -75 0 
-71 -76 0 
-71 -77 0 
-71 -78 0 
-71 -83 0 
-71 -84 0 
-71 -85 0 
-71 -95 0 
-71 -97 0 
-71 -99 0 
-71 -107 0 
-71 -110 0 
-71 -113 0 
-71 -119 0 
-71 -123 0 
-71 -127 0 
-71 -131 0 
-71 -136 0 
-71 -141 0 
-71 -149 0 
-71 -155 0 
-71 -162 0 
-71 -169 0 
-72 -2 0 
-72 -7 0 
-72 -12 0 
-72 -16 0 
-72 -20 0 
-72 -24 0 
-72 -30 0 
-72 -33 0 
-72 -36 0 
-72 -44 0 
-72 -46 0 
-72 -48 0 
-72 -58 0 
-72 -59 0 
-72 -60 0 
-72 -66 0 
-72 -67 0 
-72 -68 0 
-72 -69 0 
-72 -70 0 
-72 -71 0 
-72 -73 0 
-72 -74 0 
-72 -75 0 
-72 -76 0 
-72 -77 0 
-72 -78 0 
-72 -84 0 
-72 -85 0 
-72 -86 0 
-72 -96 0 
-72 -98 0 
-72 -100 0 
-72 -108 0 
-72 -111 0 
-72 -114 0 
-72 -120 0 
-72 -124 0 
-72 -128 0 
-72 -132 0 
-72 -137 0 
-72 -142 0 
-72 -144 0 
-72 -150 0 
-72 -156 0 
-72 -163 0 
-73 -3 0 
-73 -8 0 
-73 -13 0 
-73 -17 0 
-73 -21 0 
-73 -25 0 
-73 -31 0 
-73 -34 0 
-73 -37 0 
-73 -45 0 
-73 -47 0 
-73 -49 0 
-73 -59 0 
-73 -60 0 
-73 -61 0 
-73 -66 0 
-73 -67 0 
-73 -68 0 
-73 -69 0 
-73 -70 0 
-73 -71 0 
-73 -72 0 
-73 -74 0 
-73 -75 0 
-73 -76 0 
-73 -77 0 
-73 -78 0 
-73 -85 0 
-73 -86 0 
-73 -87 0 
-73 -97 0 
-73 -99 0 
-73 -101 0 
-73 -109 0 
-73 -112 0 
-73 -115 0 
-73 -121 0 
-73 -125 0 
-73 -129 0 
-73 -133 0 
-73 -138 0 
-73 -143 0 
-73 -145 0 
-73 -151 0 
-73 -157 0 
-73 -164 0 
-74 -4 0 
-74 -9 0 
-74 -18 0 
-74 -22 0 
-74 -26 0 
-74 -32 0 
-74 -35 0 
-74 -38 0 
-74 -46 0 
-74 -48 0 
-74 -50 0 
-74 -60 0 
-74 -61 0 
-74 -62 0 
-74 -66 0 
-74 -67 0 
-74 -68 0 
-74 -69 0 
-74 -70 0 
-74 -71 0 
-74 -72 0 
-74 -73 0 
-74 -75 0 
-74 -76 0 
-74 -77 0 
-74 -78 0 
-74 -86 0 
-74 -87 0 
-74 -88 0 
-74 -98 0 
-74 -100 0 
-74 -102 0 
-74 -110 0 
-74 -113 0 
-74 -116 0 
-74 -122 0 
-74 -126 0 
-74 -130 0 
-74 -134 0 
-74 -139 0 
-74 -146 0 
-74 -152 0 
-74 -158 0 
-74 -165 0 
-75 -5 0 
-75 -10 0 
-75 -19 0 
-75 -23 0 
-75 -33 0 
-75 -36 0 
-75 -39 0 
-75 -47 0 
-75 -49 0 
-75 -51 0 
-75 -61 0 
-75 -62 0 
-75 -63 0 
-75 -66 0 
-75 -67 0 
-75 -68 0 
-75 -69 0 
-75 -70 0 
-75 -71 0 
-75 -72 0 
-75 -73 0 
-75 -74 0 
-75 -76 0 
-75 -77 0 
-75 -78 0 
-75 -87 0 
-75 -88 0 
-75 -89 0 
-75 -99 0 
-75 -101 0 
-75 -103 0 
-75 -111 0 
-75 -114 0 
-75 -117 0 
-75 -123 0 
-75 -127 0 
-75 -135 0 
-75 -140 0 
-75 -147 0 
-75 -153 0 
-75 -159 0 
-75 -166 0 
-76 -6 0 
-76 -11 0 
-76 -20 0 
-76 -24 0 
-76 -34 0 
-76 -37 0 
-76 -48 0 
-76 -50 0 
-76 -52 0 
-76 -62 0 
-76 -63 0 
-76 -64 0 
-76 -66 0 
-76 -67 0 
-76 -68 0 
-76 -69 0 
-76 -70 0 
-76 -71 0 
-76 -72 0 
-76 -73 0 
-76 -74 0 
-76 -75 0 
-76 -77 0 
-76 -78 0 
-76 -88 0 
-76 -89 0 
-76 -90 0 
-76 -100 0 
-76 -102 0 
-76 -104 0 
-76 -112 0 
-76 -115 0 
-76 -124 0 
-76 -128 0 
-76 -136 0 
-76 -141 0 
-76 -148 0 
-76 -154 0 
-76 -160 0 
-76 -167 0 
-77 -7 0 
-77 -12 0 
-77 -21 0 
-77 -25 0 
-77 -35 0 
-77 -38 0 
-77 -49 0 
-77 -51 0 
-77 -63 0 
-77 -64 0 
-77 -65 0 
-77 -66 0 
-77 -67 0 
-77 -68 0 
-77 -69 0 
-77 -70 0 
-77 -71 0 
-77 -72 0 
-77 -73 0 
-77 -74 0 
-77 -75 0 
-77 -76 0 
-77 -78 0 
-77 -89 0 
-77 -90 0 
-77 -91 0 
-77 -101 0 
-77 -103 0 
-77 -113 0 
-77 -116 0 
-77 -125 0 
-77 -129 0 
-77 -137 0 
-77 -142 0 
-77 -149 0 
-77 -155 0 
-77 -161 0 
-77 -168 0 
-78 -8 0 
-78 -13 0 
-78 -22 0 
-78 -26 0 
-78 -36 0 
-78 -39 0 
-78 -50 0 
-78 -52 0 
-78 -64 0 
-78 -65 0 
-78 -66 0 
-78 -67 0 
-78 -68 0 
-78 -69 0 
-78 -70 0 
-78 -71 0 
-78 -72 0 
-78 -73 0 
-78 -74 0 
-78 -75 0 
-78 -76 0 
-78 -77 0 
-78 -90 0 
-78 -91 0 
-78 -102 0 
-78 -104 0 
-78 -114 0 
-78 -117 0 
-78 -126 0 
-78 -130 0 
-78 -138 0 
-78 -143 0 
-78 -150 0 
-78 -156 0 
-78 -162 0 
-78 -169 0 
-79 -1 0 
-79 -7 0 
-79 -14 0 
-79 -19 0 
-79 -27 0 
-79 -31 0 
-79 -40 0 
-79 -43 0 
-79 -53 0 
-79 -55 0 
-79 -66 0 
-79 -67 0 
-79 -80 0 
-79 -81 0 
-79 -82 0 
-79 -83 0 
-79 -84 0 
-79 -85 0 
-79 -86 0 
-79 -87 0 
-79 -88 0 
-79 -89 0 
-79 -90 0 
-79 -91 0 
-79 -92 0 
-79 -93 0 
-79 -105 0 
-79 -107 0 
-79 -118 0 
-79 -121 0 
-79 -131 0 
-79 -135 0 
-79 -144 0 
-79 -149 0 
-79 -157 0 
-79 -163 0 
-80 -2 0 
-80 -8 0 
-80 -15 0 
-80 -20 0 
-80 -28 0 
-80 -32 0 
-80 -41 0 
-80 -44 0 
-80 -54 0 
-80 -56 0 
-80 -66 0 
-80 -67 0 
-80 -68 0 
-80 -79 0 
-80 -81 0 
-80 -82 0 
-80 -83 0 
-80 -84 0 
-80 -85 0 
-80 -86 0 
-80 -87 0 
-80 -88 0 
-80 -89 0 
-80 -90 0 
-80 -91 0 
-80 -92 0 
-80 -93 0 
-80 -94 0 
-80 -106 0 
-80 -108 0 
-80 -119 0 
-80 -122 0 
-80 -132 0 
-80 -136 0 
-80 -145 0 
-80 -150 0 
-80 -158 0 
-80 -164 0 
-81 -3 0 
-81 -9 0 
-81 -16 0 
-81 -21 0 
-81 -29 0 
-81 -33 0 
-81 -42 0 
-81 -45 0 
-81 -53 0 
-81 -55 0 
-81 -57 0 
-81 -67 0 
-81 -68 0 
-81 -69 0 
-81 -79 0 
-81 -80 0 
-81 -82 0 
-81 -83 0 
-81 -84 0 
-81 -85 0 
-81 -86 0 
-81 -87 0 
-81 -88 0 
-81 -89 0 
-81 -90 0 
-81 -91 0 
-81 -93 0 
-81 -94 0 
-81 -95 0 
-81 -105 0 
-81 -107 0 
-81 -109 0 
-81 -120 0 
-81 -123 0 
-81 -133 0 
-81 -137 0 
-81 -146 0 
-81 -151 0 
-81 -159 0 
-81 -165 0 
-82 -4 0 
-82 -10 0 
-82 -17 0 
-82 -22 0 
-82 -30 0 
-82 -34 0 
-82 -40 0 
-82 -43 0 
-82 -46 0 
-82 -54 0 
-82 -56 0 
-82 -58 0 
-82 -68 0 
-82 -69 0 
-82 -70 0 
-82 -79 0 
-82 -80 0 
-82 -81 0 
-82 -83 0 
-82 -84 0 
-82 -85 0 
-82 -86 0 
-82 -87 0 
-82 -88 0 
-82 -89 0 
-82 -90 0 
-82 -91 0 
-82 -94 0 
-82 -95 0 
-82 -96 0 
-82 -106 0 
-82 -108 0 
-82 -110 0 
-82 -118 0 
-82 -121 0 
-82 -124 0 
-82 -134 0 
-82 -138 0 
-82 -147 0 
-82 -152 0 
-82 -160 0 
-82 -166 0 
-83 -5 0 
-83 -11 0 
-83 -18 0 
-83 -23 0 
-83 -27 0 
-83 -31 0 
-83 -35 0 
-83 -41 0 
-83 -44 0 
-83 -47 0 
-83 -55 0 
-83 -57 0 
-83 -59 0 
-83 -69 0 
-83 -70 0 
-83 -71 0 
-83 -79 0 
-83 -80 0 
-83 -81 0 
-83 -82 0 
-83 -84 0 
-83 -85 0 
-83 -86 0 
-83 -87 0 
-83 -88 0 
-83 -89 0 
-83 -90 0 
-83 -91 0 
-83 -95 0 
-83 -96 0 
-83 -97 0 
-83 -107 0 
-83 -109 0 
-83 -111 0 
-83 -119 0 
-83 -122 0 
-83 -125 0 
-83 -131 0 
-83 -135 0 
-83 -139 0 
-83 -148 0 
-83 -153 0 
-83 -161 0 
-83 -167 0 
-84 -6 0 
-84 -12 0 
-84 -14 0 
-84 -19 0 
-84 -24 0 
-84 -28 0 
-84 -32 0 
-84 -36 0 
-84 -42 0 
-84 -45 0 
-84 -48 0 
-84 -56 0 
-84 -58 0 
-84 -60 0 
-84 -70 0 
-84 -71 0 
-84 -72 0 
-84 -79 0 
-84 -80 0 
-84 -81 0 
-84 -82 0 
-84 -83 0 
-84 -85 0 
-84 -86 0 
-84 -87 0 
-84 -88 0 
-84 -89 0 
-84 -90 0 
-84 -91 0 
-84 -96 0 
-84 -97 0 
-84 -98 0 
-84 -108 0 
-84 -110 0 
-84 -112 0 
-84 -120 0 
-84 -123 0 
-84 -126 0 
-84 -132 0 
-84 -136 0 
-84 -140 0 
-84 -144 0 
-84 -149 0 
-84 -154 0 
-84 -162 0 
-84 -168 0 
-85 -1 0 
-85 -7 0 
-85 -13 0 
-85 -15 0 
-85 -20 0 
-85 -25 0 
-85 -29 0 
-85 -33 0 
-85 -37 0 
-85 -43 0 
-85 -46 0 
-85 -49 0 
-85 -57 0 
-85 -59 0 
-85 -61 0 
-85 -71 0 
-85 -72 0 
-85 -73 0 
-85 -79 0 
-85 -80 0 
-85 -81 0 
-85 -82 0 
-85 -83 0 
-85 -84 0 
-85 -86 0 
-85 -87 0 
-85 -88 0 
-85 -89 0 
-85 -90 0 
-85 -91 0 
-85 -97 0 
-85 -98 0 
-85 -99 0 
-85 -109 0 
-85 -111 0 
-85 -113 0 
-85 -121 0 
-85 -124 0 
-85 -127 0 
-85 -133 0 
-85 -137 0 
-85 -141 0 
-85 -145 0 
-85 -150 0 
-85 -155 0 
-85 -157 0 
-85 -163 0 
-85 -169 0 
-86 -2 0 
-86 -8 0 
-86 -16 0 
-86 -21 0 
-86 -26 0 
-86 -30 0 
-86 -34 0 
-86 -38 0 
-86 -44 0 
-86 -47 0 
-86 -50 0 
-86 -58 0 
-86 -60 0 
-86 -62 0 
-86 -72 0 
-86 -73 0 
-86 -74 0 
-86 -79 0 
-86 -80 0 
-86 -81 0 
-86 -82 0 
-86 -83 0 
-86 -84 0 
-86 -85 0 
-86 -87 0 
-86 -88 0 
-86 -89 0 
-86 -90 0 
-86 -91 0 
-86 -98 0 
-86 -99 0 
-86 -100 0 
-86 -110 0 
-86 -112 0 
-86 -114 0 
-86 -122 0 
-86 -125 0 
-86 -128 0 
-86 -134 0 
-86 -138 0 
-86 -142 0 
-86 -146 0 
-86 -151 0 
-86 -156 0 
-86 -158 0 
-86 -164 0 
-87 -3 0 
-87 -9 0 
-87 -17 0 
-87 -22 0 
-87 -31 0 
-87 -35 0 
-87 -39 0 
-87 -45 0 
-87 -48 0 
-87 -51 0 
-87 -59 0 
-87 -61 0 
-87 -63 0 
-87 -73 0 
-87 -74 0 
-87 -75 0 
-87 -79 0 
-87 -80 0 
-87 -81 0 
-87 -82 0 
-87 -83 0 
-87 -84 0 
-87 -85 0 
-87 -86 0 
-87 -88 0 
-87 -89 0 
-87 -90 0 
-87 -91 0 
-87 -99 0 
-87 -100 0 
-87 -101 0 
-87 -111 0 
-87 -113 0 
-87 -115 0 
-87 -123 0 
-87 -126 0 
-87 -129 0 
-87 -135 0 
-87 -139 0 
-87 -143 0 
-87 -147 0 
-87 -152 0 
-87 -159 0 
-87 -165 0 
-88 -4 0 
-88 -10 0 
-88 -18 0 
-88 -23 0 
-88 -32 0 
-88 -36 0 
-88 -46 0 
-88 -49 0 
-88 -52 0 
-88 -60 0 
-88 -62 0 
-88 -64 0 
-88 -74 0 
-88 -75 0 
-88 -76 0 
-88 -79 0 
-88 -80 0 
-88 -81 0 
-88 -82 0 
-88 -83 0 
-88 -84 0 
-88 -85 0 
-88 -86 0 
-88 -87 0 
-88 -89 0 
-88 -90 0 
-88 -91 0 
-88 -100 0 
-88 -101 0 
-88 -102 0 
-88 -112 0 
-88 -114 0 
-88 -116 0 
-88 -124 0 
-88 -127 0 
-88 -130 0 
-88 -136 0 
-88 -140 0 
-88 -148 0 
-88 -153 0 
-88 -160 0 
-88 -166 0 
-89 -5 0 
-89 -11 0 
-89 -19 0 
-89 -24 0 
-89 -33 0 
-89 -37 0 
-89 -47 0 
-89 -50 0 
-89 -61 0 
-89 -63 0 
-89 -65 0 
-89 -75 0 
-89 -76 0 
-89 -77 0 
-89 -79 0 
-89 -80 0 
-89 -81 0 
-89 -82 0 
-89 -83 0 
-89 -84 0 
-89 -85 0 
-89 -86 0 
-89 -87 0 
-89 -88 0 
-89 -90 0 
-89 -91 0 
-89 -101 0 
-89 -102 0 
-89 -103 0 
-89 -113 0 
-89 -115 0 
-89 -117 0 
-89 -125 0 
-89 -128 0 
-89 -137 0 
-89 -141 0 
-89 -149 0 
-89 -154 0 
-89 -161 0 
-89 -167 0 
-90 -6 0 
-90 -12 0 
-90 -20 0 
-90 -25 0 
-90 -34 0 
-90 -38 0 
-90 -48 0 
-90 -51 0 
-90 -62 0 
-90 -64 0 
-90 -76 0 
-90 -77 0 
-90 -78 0 
-90 -79 0 
-90 -80 0 
-90 -81 0 
-90 -82 0 
-90 -83 0 
-90 -84 0 
-90 -85 0 
-90 -86 0 
-90 -87 0 
-90 -88 0 
-90 -89 0 
-90 -91 0 
-90 -102 0 
-90 -103 0 
-90 -104 0 
-90 -114 0 
-90 -116 0 
-90 -126 0 
-90 -129 0 
-90 -138 0 
-90 -142 0 
-90 -150 0 
-90 -155 0 
-90 -162 0 
-90 -168 0 
-91 -7 0 
-91 -13 0 
-91 -21 0 
-91 -26 0 
-91 -35 0 
-91 -39 0 
-91 -49 0 
-91 -52 0 
-91 -63 0 
-91 -65 0 
-91 -77 0 
-91 -78 0 
-91 -79 0 
-91 -80 0 
-91 -81 0 
-91 -82 0 
-91 -83 0 
-91 -84 0 
-91 -85 0 
-91 -86 0 
-91 -87 0 
-91 -88 0 
-91 -89 0 
-91 -90 0 
-91 -103 0 
-91 -104 0 
-91 -115 0 
-91 -117 0 
-91 -127 0 
-91 -130 0 
-91 -139 0 
-91 -143 0 
-91 -151 0 
-91 -156 0 
-91 -163 0 
-91 -169 0 
-92 -1 0 
-92 -8 0 
-92 -14 0 
-92 -20 0 
-92 -27 0 
-92 -32 0 
-92 -40 0 
-92 -44 0 
-92 -53 0 
-92 -56 0 
-92 -66 0 
-92 -68 0 
-92 -79 0 
-92 -80 0 
-92 -93 0 
-92 -94 0 
-92 -95 0 
-92 -96 0 
-92 -97 0 
-92 -98 0 
-92 -99 0 
-92 -100 0 
-92 -101 0 
-92 -102 0 
-92 -103 0 
-92 -104 0 
-92 -105 0 
-92 -106 0 
-92 -118 0 
-92 -120 0 
-92 -131 0 
-92 -134 0 
-92 -144 0 
-92 -148 0 
-92 -157 0 
-92 -162 0 
-93 -2 0 
-93 -9 0 
-93 -15 0 
-93 -21 0 
-93 -28 0 
-93 -33 0 
-93 -41 0 
-93 -45 0 
-93 -54 0 
-93 -57 0 
-93 -67 0 
-93 -69 0 
-93 -79 0 
-93 -80 0 
-93 -81 0 
-93 -92 0 
-93 -94 0 
-93 -95 0 
-93 -96 0 
-93 -97 0 
-93 -98 0 
-93 -99 0 
-93 -100 0 
-93 -101 0 
-93 -102 0 
-93 -103 0 
-93 -104 0 
-93 -105 0 
-93 -106 0 
-93 -107 0 
-93 -119 0 
-93 -121 0 
-93 -132 0 
-93 -135 0 
-93 -145 0 
-93 -149 0 
-93 -158 0 
-93 -163 0 
-94 -3 0 
-94 -10 0 
-94 -16 0 
-94 -22 0 
-94 -29 0 
-94 -34 0 
-94 -42 0 
-94 -46 0 
-94 -55 0 
-94 -58 0 
-94 -66 0 
-94 -68 0 
-94 -70 0 
-94 -80 0 
-94 -81 0 
-94 -82 0 
-94 -92 0 
-94 -93 0 
-94 -95 0 
-94 -96 0 
-94 -97 0 
-94 -98 0 
-94 -99 0 
-94 -100 0 
-94 -101 0 
-94 -102 0 
-94 -103 0 
-94 -104 0 
-94 -106 0 
-94 -107 0 
-94 -108 0 
-94 -118 0 
-94 -120 0 
-94 -122 0 
-94 -133 0 
-94 -136 0 
-94 -146 0 
-94 -150 0 
-94 -159 0 
-94 -164 0 
-95 -4 0 
-95 -11 0 
-95 -17 0 
-95 -23 0 
-95 -30 0 
-95 -35 0 
-95 -43 0 
-95 -47 0 
-95 -53 0 
-95 -56 0 
-95 -59 0 
-95 -67 0 
-95 -69 0 
-95 -71 0 
-95 -81 0 
-95 -82 0 
-95 -83 0 
-95 -92 0 
-95 -93 0 
-95 -94 0 
-95 -96 0 
-95 -97 0 
-95 -98 0 
-95 -99 0 
-95 -100 0 
-95 -101 0 
-95 -102 0 
-95 -103 0 
-95 -104 0 
-95 -107 0 
-95 -108 0 
-95 -109 0 
-95 -119 0 
-95 -121 0 
-95 -123 0 
-95 -131 0 
-95 -134 0 
-95 -137 0 
-95 -147 0 
-95 -151 0 
-95 -160 0 
-95 -165 0 
-96 -5 0 
-96 -12 0 
-96 -18 0 
-96 -24 0 
-96 -31 0 
-96 -36 0 
-96 -40 0 
-96 -44 0 
-96 -48 0 
-96 -54 0 
-96 -57 0 
-96 -60 0 
-96 -68 0 
-96 -70 0 
-96 -72 0 
-96 -82 0 
-96 -83 0 
-96 -84 0 
-96 -92 0 
-96 -93 0 
-96 -94 0 
-96 -95 0 
-96 -97 0 
-96 -98 0 
-96 -99 0 
-96 -100 0 
-96 -101 0 
-96 -102 0 
-96 -103 0 
-96 -104 0 
-96 -108 0 
-96 -109 0 
-96 -110 0 
-96 -120 0 
-96 -122 0 
-96 -124 0 
-96 -132 0 
-96 -135 0 
-96 -138 0 
-96 -144 0 
-96 -148 0 
-96 -152 0 
-96 -161 0 
-96 -166 0 
-97 -6 0 
-97 -13 0 
-97 -19 0 
-97 -25 0 
-97 -27 0 
-97 -32 0 
-97 -37 0 
-97 -41 0 
-97 -45 0 
-97 -49 0 
-97 -55 0 
-97 -58 0 
-97 -61 0 
-97 -69 0 
-97 -71 0 
-97 -73 0 
-97 -83 0 
-97 -84 0 
-97 -85 0 
-97 -92 0 
-97 -93 0 
-97 -94 0 
-97 -95 0 
-97 -96 0 
-97 -98 0 
-97 -99 0 
-97 -100 0 
-97 -101 0 
-97 -102 0 
-97 -103 0 
-97 -104 0 
-97 -109 0 
-97 -110 0 
-97 -111 0 
-97 -121 0 
-97 -123 0 
-97 -125 0 
-97 -133 0 
-97 -136 0 
-97 -139 0 
-97 -145 0 
-97 -149 0 
-97 -153 0 
-97 -157 0 
-97 -162 0 
-97 -167 0 
-98 -7 0 
-98 -14 0 
-98 -20 0 
-98 -26 0 
-98 -28 0 
-98 -33 0 
-98 -38 0 
-98 -42 0 
-98 -46 0 
-98 -50 0 
-98 -56 0 
-98 -59 0 
-98 -62 0 
-98 -70 0 
-98 -72 0 
-98 -74 0 
-98 -84 0 
-98 -85 0 
-98 -86 0 
-98 -92 0 
-98 -93 0 
-98 -94 0 
-98 -95 0 
-98 -96 0 
-98 -97 0 
-98 -99 0 
-98 -100 0 
-98 -101 0 
-98 -102 0 
-98 -103 0 
-98 -104 0 
-98 -110 0 
-98 -111 0 
-98 -112 0 
-98 -122 0 
-98 -124 0 
-98 -126 0 
-98 -134 0 
-98 -137 0 
-98 -140 0 
-98 -146 0 
-98 -150 0 
-98 -154 0 
-98 -158 0 
-98 -163 0 
-98 -168 0 
-99 -1 0 
-99 -8 0 
-99 -15 0 
-99 -21 0 
-99 -29 0 
-99 -34 0 
-99 -39 0 
-99 -43 0 
-99 -47 0 
-99 -51 0 
-99 -57 0 
-99 -60 0 
-99 -63 0 
-99 -71 0 
-99 -73 0 
-99 -75 0 
-99 -85 0 
-99 -86 0 
-99 -87 0 
-99 -92 0 
-99 -93 0 
-99 -94 0 
-99 -95 0 
-99 -96 0 
-99 -97 0 
-99 -98 0 
-99 -100 0 
-99 -101 0 
-99 -102 0 
-99 -103 0 
-99 -104 0 
-99 -111 0 
-99 -112 0 
-99 -113 0 
-99 -123 0 
-99 -125 0 
-99 -127 0 
-99 -135 0 
-99 -138 0 
-99 -141 0 
-99 -147 0 
-99 -151 0 
-99 -155 0 
-99 -159 0 
-99 -164 0 
-99 -169 0 
-100 -2 0 
-100 -9 0 
-100 -16 0 
-100 -22 0 
-100 -30 0 
-100 -35 0 
-100 -44 0 
-100 -48 0 
-100 -52 0 
-100 -58 0 
-100 -61 0 
-100 -64 0 
-100 -72 0 
-100 -74 0 
-100 -76 0 
-100 -86 0 
-100 -87 0 
-100 -88 0 
-100 -92 0 
-100 -93 0 
-100 -94 0 
-100 -95 0 
-100 -96 0 
-100 -97 0 
-100 -98 0 
-100 -99 0 
-100 -101 0 
-100 -102 0 
-100 -103 0 
-100 -104 0 
-100 -112 0 
-100 -113 0 
-100 -114 0 
-100 -124 0 
-100 -126 0 
-100 -128 0 
-100 -136 0 
-100 -139 0 
-100 -142 0 
-100 -148 0 
-100 -152 0 
-100 -156 0 
-100 -160 0 
-100 -165 0 
-101 -3 0 
-101 -10 0 
-101 -17 0 
-101 -23 0 
-101 -31 0 
-101 -36 0 
-101 -45 0 
-101 -49 0 
-101 -59 0 
-101 -62 0 
-101 -65 0 
-101 -73 0 
-101 -75 0 
-101 -77 0 
-101 -87 0 
-101 -88 0 
-101 -89 0 
-101 -92 0 
-101 -93 0 
-101 -94 0 
-101 -95 0 
-101 -96 0 
-101 -97 0 
-101 -98 0 
-101 -99 0 
-101 -100 0 
-101 -102 0 
-101 -103 0 
-101 -104 0 
-101 -113 0 
-101 -114 0 
-101 -115 0 
-101 -125 0 
-101 -127 0 
-101 -129 0 
-101 -137 0 
-101 -140 0 
-101 -143 0 
-101 -149 0 
-101 -153 0 
-101 -161 0 
-101 -166 0 
-102 -4 0 
-102 -11 0 
-102 -18 0 
-102 -24 0 
-102 -32 0 
-102 -37 0 
-102 -46 0 
-102 -50 0 
-102 -60 0 
-102 -63 0 
-102 -74 0 
-102 -76 0 
-102 -78 0 
-102 -88 0 
-102 -89 0 
-102 -90 0 
-102 -92 0 
-102 -93 0 
-102 -94 0 
-102 -95 0 
-102 -96 0 
-102 -97 0 
-102 -98 0 
-102 -99 0 
-102 -100 0 
-102 -101 0 
-102 -103 0 
-102 -104 0 
-102 -114 0 
-102 -115 0 
-102 -116 0 
-102 -126 0 
-102 -128 0 
-102 -130 0 
-102 -138 0 
-102 -141 0 
-102 -150 0 
-102 -154 0 
-102 -162 0 
-102 -167 0 
-103 -5 0 
-103 -12 0 
-103 -19 0 
-103 -25 0 
-103 -33 0 
-103 -38 0 
-103 -47 0 
-103 -51 0 
-103 -61 0 
-103 -64 0 
-103 -75 0 
-103 -77 0 
-103 -89 0 
-103 -90 0 
-103 -91 0 
-103 -92 0 
-103 -93 0 
-103 -94 0 
-103 -95 0 
-103 -96 0 
-103 -97 0 
-103 -98 0 
-103 -99 0 
-103 -100 0 
-103 -101 0 
-103 -102 0 
-103 -104 0 
-103 -115 0 
-103 -116 0 
-103 -117 0 
-103 -127 0 
-103 -129 0 
-103 -139 0 
-103 -142 0 
-103 -151 0 
-103 -155 0 
-103 -163 0 
-103 -168 0 
-104 -6 0 
-104 -13 0 
-104 -20 0 
-104 -26 0 
-104 -34 0 
-104 -39 0 
-104 -48 0 
-104 -52 0 
-104 -62 0 
-104 -65 0 
-104 -76 0 
-104 -78 0 
-104 -90 0 
-104 -91 0 
-104 -92 0 
-104 -93 0 
-104 -94 0 
-104 -95 0 
-104 -96 0 
-104 -97 0 
-104 -98 0 
-104 -99 0 
-104 -100 0 
-104 -101 0 
-104 -102 0 
-104 -103 0 
-104 -116 0 
-104 -117 0 
-104 -128 0 
-104 -130 0 
-104 -140 0 
-104 -143 0 
-104 -152 0 
-104 -156 0 
-104 -164 0 
-104 -169 0 
-105 -1 0 
-105 -9 0 
-105 -14 0 
-105 -21 0 
-105 -27 0 
-105 -33 0 
-105 -40 0 
-105 -45 0 
-105 -53 0 
-105 -57 0 
-105 -66 0 
-105 -69 0 
-105 -79 0 
-105 -81 0 
-105 -92 0 
-105 -93 0 
-105 -106 0 
-105 -107 0 
-105 -108 0 
-105 -109 0 
-105 -110 0 
-105 -111 0 
-105 -112 0 
-105 -113 0 
-105 -114 0 
-105 -115 0 
-105 -116 0 
-105 -117 0 
-105 -118 0 
-105 -119 0 
-105 -131 0 
-105 -133 0 
-105 -144 0 
-105 -147 0 
-105 -157 0 
-105 -161 0 
-106 -2 0 
-106 -10 0 
-106 -15 0 
-106 -22 0 
-106 -28 0 
-106 -34 0 
-106 -41 0 
-106 -46 0 
-106 -54 0 
-106 -58 0 
-106 -67 0 
-106 -70 0 
-106 -80 0 
-106 -82 0 
-106 -92 0 
-106 -93 0 
-106 -94 0 
-106 -105 0 
-106 -107 0 
-106 -108 0 
-106 -109 0 
-106 -110 0 
-106 -111 0 
-106 -112 0 
-106 -113 0 
-106 -114 0 
-106 -115 0 
-106 -116 0 
-106 -117 0 
-106 -118 0 
-106 -119 0 
-106 -120 0 
-106 -132 0 
-106 -134 0 
-106 -145 0 
-106 -148 0 
-106 -158 0 
-106 -162 0 
-107 -3 0 
-107 -11 0 
-107 -16 0 
-107 -23 0 
-107 -29 0 
-107 -35 0 
-107 -42 0 
-107 -47 0 
-107 -55 0 
-107 -59 0 
-107 -68 0 
-107 -71 0 
-107 -79 0 
-107 -81 0 
-107 -83 0 
-107 -93 0 
-107 -94 0 
-107 -95 0 
-107 -105 0 
-107 -106 0 
-107 -108 0 
-107 -109 0 
-107 -110 0 
-107 -111 0 
-107 -112 0 
-107 -113 0 
-107 -114 0 
-107 -115 0 
-107 -116 0 
-107 -117 0 
-107 -119 0 
-107 -120 0 
-107 -121 0 
-107 -131 0 
-107 -133 0 
-107 -135 0 
-107 -146 0 
-107 -149 0 
-107 -159 0 
-107 -163 0 
-108 -4 0 
-108 -12 0 
-108 -17 0 
-108 -24 0 
-108 -30 0 
-108 -36 0 
-108 -43 0 
-108 -48 0 
-108 -56 0 
-108 -60 0 
-108 -66 0 
-108 -69 0 
-108 -72 0 
-108 -80 0 
-108 -82 0 
-108 -84 0 
-108 -94 0 
-108 -95 0 
-108 -96 0 
-108 -105 0 
-108 -106 0 
-108 -107 0 
-108 -109 0 
-108 -110 0 
-108 -111 0 
-108 -112 0 
-108 -113 0 
-108 -114 0 
-108 -115 0 
-108 -116 0 
-108 -117 0 
-108 -120 0 
-108 -121 0 
-108 -122 0 
-108 -132 0 
-108 -134 0 
-108 -136 0 
-108 -144 0 
-108 -147 0 
-108 -150 0 
-108 -160 0 
-108 -164 0 
-109 -5 0 
-109 -13 0 
-109 -18 0 
-109 -25 0 
-109 -31 0 
-109 -37 0 
-109 -44 0 
-109 -49 0 
-109 -53 0 
-109 -57 0 
-109 -61 0 
-109 -67 0 
-109 -70 0 
-109 -73 0 
-109 -81 0 
-109 -83 0 
-109 -85 0 
-109 -95 0 
-109 -96 0 
-109 -97 0 
-109 -105 0 
-109 -106 0 
-109 -107 0 
-109 -108 0 
-109 -110 0 
-109 -111 0 
-109 -112 0 
-109 -113 0 
-109 -114 0 
-109 -115 0 
-109 -116 0 
-109 -117 0 
-109 -121 0 
-109 -122 0 
-109 -123 0 
-109 -133 0 
-109 -135 0 
-109 -137 0 
-109 -145 0 
-109 -148 0 
-109 -151 0 
-109 -157 0 
-109 -161 0 
-109 -165 0 
-110 -6 0 
-110 -19 0 
-110 -26 0 
-110 -32 0 
-110 -38 0 
-110 -40 0 
-110 -45 0 
-110 -50 0 
-110 -54 0 
-110 -58 0 
-110 -62 0 
-110 -68 0 
-110 -71 0 
-110 -74 0 
-110 -82 0 
-110 -84 0 
-110 -86 0 
-110 -96 0 
-110 -97 0 
-110 -98 0 
-110 -105 0 
-110 -106 0 
-110 -107 0 
-110 -108 0 
-110 -109 0 
-110 -111 0 
-110 -112 0 
-110 -113 0 
-110 -114 0 
-110 -115 0 
-110 -116 0 
-110 -117 0 
-110 -122 0 
-110 -123 0 
-110 -124 0 
-110 -134 0 
-110 -136 0 
-110 -138 0 
-110 -146 0 
-110 -149 0 
-110 -152 0 
-110 -158 0 
-110 -162 0 
-110 -166 0 
-111 -7 0 
-111 -20 0 
-111 -27 0 
-111 -33 0 
-111 -39 0 
-111 -41 0 
-111 -46 0 
-111 -51 0 
-111 -55 0 
-111 -59 0 
-111 -63 0 
-111 -69 0 
-111 -72 0 
-111 -75 0 
-111 -83 0 
-111 -85 0 
-111 -87 0 
-111 -97 0 
-111 -98 0 
-111 -99 0 
-111 -105 0 
-111 -106 0 
-111 -107 0 
-111 -108 0 
-111 -109 0 
-111 -110 0 
-111 -112 0 
-111 -113 0 
-111 -114 0 
-111 -115 0 
-111 -116 0 
-111 -117 0 
-111 -123 0 
-111 -124 0 
-111 -125 0 
-111 -135 0 
-111 -137 0 
-111 -139 0 
-111 -147 0 
-111 -150 0 
-111 -153 0 
-111 -159 0 
-111 -163 0 
-111 -167 0 
-112 -8 0 
-112 -14 0 
-112 -21 0 
-112 -28 0 
-112 -34 0 
-112 -42 0 
-112 -47 0 
-112 -52 0 
-112 -56 0 
-112 -60 0 
-112 -64 0 
-112 -70 0 
-112 -73 0 
-112 -76 0 
-112 -84 0 
-112 -86 0 
-112 -88 0 
-112 -98 0 
-112 -99 0 
-112 -100 0 
-112 -105 0 
-112 -106 0 
-112 -107 0 
-112 -108 0 
-112 -109 0 
-112 -110 0 
-112 -111 0 
-112 -113 0 
-112 -114 0 
-112 -115 0 
-112 -116 0 
-112 -117 0 
-112 -124 0 
-112 -125 0 
-112 -126 0 
-112 -136 0 
-112 -138 0 
-112 -140 0 
-112 -148 0 
-112 -151 0 
-112 -154 0 
-112 -160 0 
-112 -164 0 
-112 -168 0 
-113 -1 0 
-113 -9 0 
-113 -15 0 
-113 -22 0 
-113 -29 0 
-113 -35 0 
-113 -43 0 
-113 -48 0 
-113 -57 0 
-113 -61 0 
-113 -65 0 
-113 -71 0 
-113 -74 0 
-113 -77 0 
-113 -85 0 
-113 -87 0 
-113 -89 0 
-113 -99 0 
-113 -100 0 
-113 -101 0 
-113 -105 0 
-113 -106 0 
-113 -107 0 
-113 -108 0 
-113 -109 0 
-113 -110 0 
-113 -111 0 
-113 -112 0 
-113 -114 0 
-113 -115 0 
-113 -116 0 
-113 -117 0 
-113 -125 0 
-113 -126 0 
-113 -127 0 
-113 -137 0 
-113 -139 0 
-113 -141 0 
-113 -149 0 
-113 -152 0 
-113 -155 0 
-113 -161 0 
-113 -165 0 
-113 -169 0 
-114 -2 0 
-114 -10 0 
-114 -16 0 
-114 -23 0 
-114 -30 0 
-114 -36 0 
-114 -44 0 
-114 -49 0 
-114 -58 0 
-114 -62 0 
-114 -72 0 
-114 -75 0 
-114 -78 0 
-114 -86 0 
-114 -88 0 
-114 -90 0 
-114 -100 0 
-114 -101 0 
-114 -102 0 
-114 -105 0 
-114 -106 0 
-114 -107 0 
-114 -108 0 
-114 -109 0 
-114 -110 0 
-114 -111 0 
-114 -112 0 
-114 -113 0 
-114 -115 0 
-114 -116 0 
-114 -117 0 
-114 -126 0 
-114 -127 0 
-114 -128 0 
-114 -138 0 
-114 -140 0 
-114 -142 0 
-114 -150 0 
-114 -153 0 
-114 -156 0 
-114 -162 0 
-114 -166 0 
-115 -3 0 
-115 -11 0 
-115 -17 0 
-115 -24 0 
-115 -31 0 
-115 -37 0 
-115 -45 0 
-115 -50 0 
-115 -59 0 
-115 -63 0 
-115 -73 0 
-115 -76 0 
-115 -87 0 
-115 -89 0 
-115 -91 0 
-115 -101 0 
-115 -102 0 
-115 -103 0 
-115 -105 0 
-115 -106 0 
-115 -107 0 
-115 -108 0 
-115 -109 0 
-115 -110 0 
-115 -111 0 
-115 -112 0 
-115 -113 0 
-115 -114 0 
-115 -116 0 
-115 -117 0 
-115 -127 0 
-115 -128 0 
-115 -129 0 
-115 -139 0 
-115 -141 0 
-115 -143 0 
-115 -151 0 
-115 -154 0 
-115 -163 0 
-115 -167 0 
-116 -4 0 
-116 -12 0 
-116 -18 0 
-116 -25 0 
-116 -32 0 
-116 -38 0 
-116 -46 0 
-116 -51 0 
-116 -60 0 
-116 -64 0 
-116 -74 0 
-116 -77 0 
-116 -88 0 
-116 -90 0 
-116 -102 0 
-116 -103 0 
-116 -104 0 
-116 -105 0 
-116 -106 0 
-116 -107 0 
-116 -108 0 
-116 -109 0 
-116 -110 0 
-116 -111 0 
-116 -112 0 
-116 -113 0 
-116 -114 0 
-116 -115 0 
-116 -117 0 
-116 -128 0 
-116 -129 0 
-116 -130 0 
-116 -140 0 
-116 -142 0 
-116 -152 0 
-116 -155 0 
-116 -164 0 
-116 -168 0 
-117 -5 0 
-117 -13 0 
-117 -19 0 
-117 -26 0 
-117 -33 0 
-117 -39 0 
-117 -47 0 
-117 -52 0 
-117 -61 0 
-117 -65 0 
-117 -75 0 
-117 -78 0 
-117 -89 0 
-117 -91 0 
-117 -103 0 
-117 -104 0 
-117 -105 0 
-117 -106 0 
-117 -107 0 
-117 -108 0 
-117 -109 0 
-117 -110 0 
-117 -111 0 
-117 -112 0 
-117 -113 0 
-117 -114 0 
-117 -115 0 
-117 -116 0 
-117 -129 0 
-117 -130 0 
-117 -141 0 
-117 -143 0 
-117 -153 0 
-117 -156 0 
-117 -165 0 
-117 -169 0 
-118 -1 0 
-118 -10 0 
-118 -14 0 
-118 -22 0 
-118 -27 0 
-118 -34 0 
-118 -40 0 
-118 -46 0 
-118 -53 0 
-118 -58 0 
-118 -66 0 
-118 -70 0 
-118 -79 0 
-118 -82 0 
-118 -92 0 
-118 -94 0 
-118 -105 0 
-118 -106 0 
-118 -119 0 
-118 -120 0 
-118 -121 0 
-118 -122 0 
-118 -123 0 
-118 -124 0 
-118 -125 0 
-118 -126 0 
-118 -127 0 
-118 -128 0 
-118 -129 0 
-118 -130 0 
-118 -131 0 
-118 -132 0 
-118 -144 0 
-118 -146 0 
-118 -157 0 
-118 -160 0 
-119 -2 0 
-119 -11 0 
-119 -15 0 
-119 -23 0 
-119 -28 0 
-119 -35 0 
-119 -41 0 
-119 -47 0 
-119 -54 0 
-119 -59 0 
-119 -67 0 
-119 -71 0 
-119 -80 0 
-119 -83 0 
-119 -93 0 
-119 -95 0 
-119 -105 0 
-119 -106 0 
-119 -107 0 
-119 -118 0 
-119 -120 0 
-119 -121 0 
-119 -122 0 
-119 -123 0 
-119 -124 0 
-119 -125 0 
-119 -126 0 
-119 -127 0 
-119 -128 0 
-119 -129 0 
-119 -130 0 
-119 -131 0 
-119 -132 0 
-119 -133 0 
-119 -145 0 
-119 -147 0 
-119 -158 0 
-119 -161 0 
-120 -3 0 
-120 -12 0 
-120 -16 0 
-120 -24 0 
-120 -29 0 
-120 -36 0 
-120 -42 0 
-120 -48 0 
-120 -55 0 
-120 -60 0 
-120 -68 0 
-120 -72 0 
-120 -81 0 
-120 -84 0 
-120 -92 0 
-120 -94 0 
-120 -96 0 
-120 -106 0 
-120 -107 0 
-120 -108 0 
-120 -118 0 
-120 -119 0 
-120 -121 0 
-120 -122 0 
-120 -123 0 
-120 -124 0 
-120 -125 0 
-120 -126 0 
-120 -127 0 
-120 -128 0 
-120 -129 0 
-120 -130 0 
-120 -132 0 
-120 -133 0 
-120 -134 0 
-120 -144 0 
-120 -146 0 
-120 -148 0 
-120 -159 0 
-120 -162 0 
-121 -4 0 
-121 -13 0 
-121 -17 0 
-121 -25 0 
-121 -30 0 
-121 -37 0 
-121 -43 0 
-121 -49 0 
-121 -56 0 
-121 -61 0 
-121 -69 0 
-121 -73 0 
-121 -79 0 
-121 -82 0 
-121 -85 0 
-121 -93 0 
-121 -95 0 
-121 -97 0 
-121 -107 0 
-121 -108 0 
-121 -109 0 
-121 -118 0 
-121 -119 0 
-121 -120 0 
-121 -122 0 
-121 -123 0 
-121 -124 0 
-121 -125 0 
-121 -126 0 
-121 -127 0 
-121 -128 0 
-121 -129 0 
-121 -130 0 
-121 -133 0 
-121 -134 0 
-121 -135 0 
-121 -145 0 
-121 -147 0 
-121 -149 0 
-121 -157 0 
-121 -160 0 
-121 -163 0 
-122 -5 0 
-122 -18 0 
-122 -26 0 
-122 -31 0 
-122 -38 0 
-122 -44 0 
-122 -50 0 
-122 -57 0 
-122 -62 0 
-122 -66 0 
-122 -70 0 
-122 -74 0 
-122 -80 0 
-122 -83 0 
-122 -86 0 
-122 -94 0 
-122 -96 0 
-122 -98 0 
-122 -108 0 
-122 -109 0 
-122 -110 0 
-122 -118 0 
-122 -119 0 
-122 -120 0 
-122 -121 0 
-122 -123 0 
-122 -124 0 
-122 -125 0 
-122 -126 0 
-122 -127 0 
-122 -128 0 
-122 -129 0 
-122 -130 0 
-122 -134 0 
-122 -135 0 
-122 -136 0 
-122 -146 0 
-122 -148 0 
-122 -150 0 
-122 -158 0 
-122 -161 0 
-122 -164 0 
-123 -6 0 
-123 -19 0 
-123 -32 0 
-123 -39 0 
-123 -45 0 
-123 -51 0 
-123 -53 0 
-123 -58 0 
-123 -63 0 
-123 -67 0 
-123 -71 0 
-123 -75 0 
-123 -81 0 
-123 -84 0 
-123 -87 0 
-123 -95 0 
-123 -97 0 
-123 -99 0 
-123 -109 0 
-123 -110 0 
-123 -111 0 
-123 -118 0 
-123 -119 0 
-123 -120 0 
-123 -121 0 
-123 -122 0 
-123 -124 0 
-123 -125 0 
-123 -126 0 
-123 -127 0 
-123 -128 0 
-123 -129 0 
-123 -130 0 
-123 -135 0 
-123 -136 0 
-123 -137 0 
-123 -147 0 
-123 -149 0 
-123 -151 0 
-123 -159 0 
-123 -162 0 
-123 -165 0 
-124 -7 0 
-124 -20 0 
-124 -33 0 
-124 -40 0 
-124 -46 0 
-124 -52 0 
-124 -54 0 
-124 -59 0 
-124 -64 0 
-124 -68 0 
-124 -72 0 
-124 -76 0 
-124 -82 0 
-124 -85 0 
-124 -88 0 
-124 -96 0 
-124 -98 0 
-124 -100 0 
-124 -110 0 
-124 -111 0 
-124 -112 0 
-124 -118 0 
-124 -119 0 
-124 -120 0 
-124 -121 0 
-124 -122 0 
-124 -123 0 
-124 -125 0 
-124 -126 0 
-124 -127 0 
-124 -128 0 
-124 -129 0 
-124 -130 0 
-124 -136 0 
-124 -137 0 
-124 -138 0 
-124 -148 0 
-124 -150 0 
-124 -152 0 
-124 -160 0 
-124 -163 0 
-124 -166 0 
-125 -8 0 
-125 -21 0 
-125 -27 0 
-125 -34 0 
-125 -41 0 
-125 -47 0 
-125 -55 0 
-125 -60 0 
-125 -65 0 
-125 -69 0 
-125 -73 0 
-125 -77 0 
-125 -83 0 
-125 -86 0 
-125 -89 0 
-125 -97 0 
-125 -99 0 
-125 -101 0 
-125 -111 0 
-125 -112 0 
-125 -113 0 
-125 -118 0 
-125 -119 0 
-125 -120 0 
-125 -121 0 
-125 -122 0 
-125 -123 0 
-125 -124 0 
-125 -126 0 
-125 -127 0 
-125 -128 0 
-125 -129 0 
-125 -130 0 
-125 -137 0 
-125 -138 0 
-125 -139 0 
-125 -149 0 
-125 -151 0 
-125 -153 0 
-125 -161 0 
-125 -164 0 
-125 -167 0 
-126 -9 0 
-126 -14 0 
-126 -22 0 
-126 -28 0 
-126 -35 0 
-126 -42 0 
-126 -48 0 
-126 -56 0 
-126 -61 0 
-126 -70 0 
-126 -74 0 
-126 -78 0 
-126 -84 0 
-126 -87 0 
-126 -90 0 
-126 -98 0 
-126 -100 0 
-126 -102 0 
-126 -112 0 
-126 -113 0 
-126 -114 0 
-126 -118 0 
-126 -119 0 
-126 -120 0 
-126 -121 0 
-126 -122 0 
-126 -123 0 
-126 -124 0 
-126 -125 0 
-126 -127 0 
-126 -128 0 
-126 -129 0 
-126 -130 0 
-126 -138 0 
-126 -139 0 
-126 -140 0 
-126 -150 0 
-126 -152 0 
-126 -154 0 
-126 -162 0 
-126 -165 0 
-126 -168 0 
-127 -1 0 
-127 -10 0 
-127 -15 0 
-127 -23 0 
-127 -29 0 
-127 -36 0 
-127 -43 0 
-127 -49 0 
-127 -57 0 
-127 -62 0 
-127 -71 0 
-127 -75 0 
-127 -85 0 
-127 -88 0 
-127 -91 0 
-127 -99 0 
-127 -101 0 
-127 -103 0 
-127 -113 0 
-127 -114 0 
-127 -115 0 
-127 -118 0 
-127 -119 0 
-127 -120 0 
-127 -121 0 
-127 -122 0 
-127 -123 0 
-127 -124 0 
-127 -125 0 
-127 -126 0 
-127 -128 0 
-127 -129 0 
-127 -130 0 
-127 -139 0 
-127 -140 0 
-127 -141 0 
-127 -151 0 
-127 -153 0 
-127 -155 0 
-127 -163 0 
-127 -166 0 
-127 -169 0 
-128 -2 0 
-128 -11 0 
-128 -16 0 
-128 -24 0 
-128 -30 0 
-128 -37 0 
-128 -44 0 
-128 -50 0 
-128 -58 0 
-128 -63 0 
-128 -72 0 
-128 -76 0 
-128 -86 0 
-128 -89 0 
-128 -100 0 
-128 -102 0 
-128 -104 0 
-128 -114 0 
-128 -115 0 
-128 -116 0 
-128 -118 0 
-128 -119 0 
-128 -120 0 
-128 -121 0 
-128 -122 0 
-128 -123 0 
-128 -124 0 
-128 -125 0 
-128 -126 0 
-128 -127 0 
-128 -129 0 
-128 -130 0 
-128 -140 0 
-128 -141 0 
-128 -142 0 
-128 -152 0 
-128 -154 0 
-128 -156 0 
-128 -164 0 
-128 -167 0 
-129 -3 0 
-129 -12 0 
-129 -17 0 
-129 -25 0 
-129 -31 0 
-129 -38 0 
-129 -45 0 
-129 -51 0 
-129 -59 0 
-129 -64 0 
-129 -73 0 
-129 -77 0 
-129 -87 0 
-129 -90 0 
-129 -101 0 
-129 -103 0 
-129 -115 0 
-129 -116 0 
-129 -117 0 
-129 -118 0 
-129 -119 0 
-129 -120 0 
-129 -121 0 
-129 -122 0 
-129 -123 0 
-129 -124 0 
-129 -125 0 
-129 -126 0 
-129 -127 0 
-129 -128 0 
-129 -130 0 
-129 -141 0 
-129 -142 0 
-129 -143 0 
-129 -153 0 
-129 -155 0 
-129 -165 0 
-129 -168 0 
-130 -4 0 
-130 -13 0 
-130 -18 0 
-130 -26 0 
-130 -32 0 
-130 -39 0 
-130 -46 0 
-130 -52 0 
-130 -60 0 
-130 -65 0 
-130 -74 0 
-130 -78 0 
-130 -88 0 
-130 -91 0 
-130 -102 0 
-130 -104 0 
-130 -116 0 
-130 -117 0 
-130 -118 0 
-130 -119 0 
-130 -120 0 
-130 -121 0 
-130 -122 0 
-130 -123 0 
-130 -124 0 
-130 -125 0 
-130 -126 0 
-130 -127 0 
-130 -128 0 
-130 -129 0 
-130 -142 0 
-130 -143 0 
-130 -154 0 
-130 -156 0 
-130 -166 0 
-130 -169 0 
-131 -1 0 
-131 -11 0 
-131 -14 0 
-131 -23 0 
-131 -27 0 
-131 -35 0 
-131 -40 0 
-131 -47 0 
-131 -53 0 
-131 -59 0 
-131 -66 0 
-131 -71 0 
-131 -79 0 
-131 -83 0 
-131 -92 0 
-131 -95 0 
-131 -105 0 
-131 -107 0 
-131 -118 0 
-131 -119 0 
-131 -132 0 
-131 -133 0 
-131 -134 0 
-131 -135 0 
-131 -136 0 
-131 -137 0 
-131 -138 0 
-131 -139 0 
-131 -140 0 
-131 -141 0 
-131 -142 0 
-131 -143 0 
-131 -144 0 
-131 -145 0 
-131 -157 0 
-131 -159 0 
-132 -2 0 
-132 -12 0 
-132 -15 0 
-132 -24 0 
-132 -28 0 
-132 -36 0 
-132 -41 0 
-132 -48 0 
-132 -54 0 
-132 -60 0 
-132 -67 0 
-132 -72 0 
-132 -80 0 
-132 -84 0 
-132 -93 0 
-132 -96 0 
-132 -106 0 
-132 -108 0 
-132 -118 0 
-132 -119 0 
-132 -120 0 
-132 -131 0 
-132 -133 0 
-132 -134 0 
-132 -135 0 
-132 -136 0 
-132 -137 0 
-132 -138 0 
-132 -139 0 
-132 -140 0 
-132 -141 0 
-132 -142 0 
-132 -143 0 
-132 -144 0 
-132 -145 0 
-132 -146 0 
-132 -158 0 
-132 -160 0 
-133 -3 0 
-133 -13 0 
-133 -16 0 
-133 -25 0 
-133 -29 0 
-133 -37 0 
-133 -42 0 
-133 -49 0 
-133 -55 0 
-133 -61 0 
-133 -68 0 
-133 -73 0 
-133 -81 0 
-133 -85 0 
-133 -94 0 
-133 -97 0 
-133 -105 0 
-133 -107 0 
-133 -109 0 
-133 -119 0 
-133 -120 0 
-133 -121 0 
-133 -131 0 
-133 -132 0 
-133 -134 0 
-133 -135 0 
-133 -136 0 
-133 -137 0 
-133 -138 0 
-133 -139 0 
-133 -140 0 
-133 -141 0 
-133 -142 0 
-133 -143 0 
-133 -145 0 
-133 -146 0 
-133 -147 0 
-133 -157 0 
-133 -159 0 
-133 -161 0 
-134 -4 0 
-134 -17 0 
-134 -26 0 
-134 -30 0 
-134 -38 0 
-134 -43 0 
-134 -50 0 
-134 -56 0 
-134 -62 0 
-134 -69 0 
-134 -74 0 
-134 -82 0 
-134 -86 0 
-134 -92 0 
-134 -95 0 
-134 -98 0 
-134 -106 0 
-134 -108 0 
-134 -110 0 
-134 -120 0 
-134 -121 0 
-134 -122 0 
-134 -131 0 
-134 -132 0 
-134 -133 0 
-134 -135 0 
-134 -136 0 
-134 -137 0 
-134 -138 0 
-134 -139 0 
-134 -140 0 
-134 -141 0 
-134 -142 0 
-134 -143 0 
-134 -146 0 
-134 -147 0 
-134 -148 0 
-134 -158 0 
-134 -160 0 
-134 -162 0 
-135 -5 0 
-135 -18 0 
-135 -31 0 
-135 -39 0 
-135 -44 0 
-135 -51 0 
-135 -57 0 
-135 -63 0 
-135 -70 0 
-135 -75 0 
-135 -79 0 
-135 -83 0 
-135 -87 0 
-135 -93 0 
-135 -96 0 
-135 -99 0 
-135 -107 0 
-135 -109 0 
-135 -111 0 
-135 -121 0 
-135 -122 0 
-135 -123 0 
-135 -131 0 
-135 -132 0 
-135 -133 0 
-135 -134 0 
-135 -136 0 
-135 -137 0 
-135 -138 0 
-135 -139 0 
-135 -140 0 
-135 -141 0 
-135 -142 0 
-135 -143 0 
-135 -147 0 
-135 -148 0 
-135 -149 0 
-135 -159 0 
-135 -161 0 
-135 -163 0 
-136 -6 0 
-136 -19 0 
-136 -32 0 
-136 -45 0 
-136 -52 0 
-136 -58 0 
-136 -64 0 
-136 -66 0 
-136 -71 0 
-136 -76 0 
-136 -80 0 
-136 -84 0 
-136 -88 0 
-136 -94 0 
-136 -97 0 
-136 -100 0 
-136 -108 0 
-136 -110 0 
-136 -112 0 
-136 -122 0 
-136 -123 0 
-136 -124 0 
-136 -131 0 
-136 -132 0 
-136 -133 0 
-136 -134 0 
-136 -135 0 
-136 -137 0 
-136 -138 0 
-136 -139 0 
-136 -140 0 
-136 -141 0 
-136 -142 0 
-136 -143 0 
-136 -148 0 
-136 -149 0 
-136 -150 0 
-136 -160 0 
-136 -162 0 
-136 -164 0 
-137 -7 0 
-137 -20 0 
-137 -33 0 
-137 -46 0 
-137 -53 0 
-137 -59 0 
-137 -65 0 
-137 -67 0 
-137 -72 0 
-137 -77 0 
-137 -81 0 
-137 -85 0 
-137 -89 0 
-137 -95 0 
-137 -98 0 
-137 -101 0 
-137 -109 0 
-137 -111 0 
-137 -113 0 
-137 -123 0 
-137 -124 0 
-137 -125 0 
-137 -131 0 
-137 -132 0 
-137 -133 0 
-137 -134 0 
-137 -135 0 
-137 -136 0 
-137 -138 0 
-137 -139 0 
-137 -140 0 
-137 -141 0 
-137 -142 0 
-137 -143 0 
-137 -149 0 
-137 -150 0 
-137 -151 0 
-137 -161 0 
-137 -163 0 
-137 -165 0 
-138 -8 0 
-138 -21 0 
-138 -34 0 
-138 -40 0 
-138 -47 0 
-138 -54 0 
-138 -60 0 
-138 -68 0 
-138 -73 0 
-138 -78 0 
-138 -82 0 
-138 -86 0 
-138 -90 0 
-138 -96 0 
-138 -99 0 
-138 -102 0 
-138 -110 0 
-138 -112 0 
-138 -114 0 
-138 -124 0 
-138 -125 0 
-138 -126 0 
-138 -131 0 
-138 -132 0 
-138 -133 0 
-138 -134 0 
-138 -135 0 
-138 -136 0 
-138 -137 0 
-138 -139 0 
-138 -140 0 
-138 -141 0 
-138 -142 0 
-138 -143 0 
-138 -150 0 
-138 -151 0 
-138 -152 0 
-138 -162 0 
-138 -164 0 
-138 -166 0 
-139 -9 0 
-139 -22 0 
-139 -27 0 
-139 -35 0 
-139 -41 0 
-139 -48 0 
-139 -55 0 
-139 -61 0 
-139 -69 0 
-139 -74 0 
-139 -83 0 
-139 -87 0 
-139 -91 0 
-139 -97 0 
-139 -100 0 
-139 -103 0 
-139 -111 0 
-139 -113 0 
-139 -115 0 
-139 -125 0 
-139 -126 0 
-139 -127 0 
-139 -131 0 
-139 -132 0 
-139 -133 0 
-139 -134 0 
-139 -135 0 
-139 -136 0 
-139 -137 0 
-139 -138 0 
-139 -140 0 
-139 -141 0 
-139 -142 0 
-139 -143 0 
-139 -151 0 
-139 -152 0 
-139 -153 0 
-139 -163 0 
-139 -165 0 
-139 -167 0 
-140 -10 0 
-140 -14 0 
-140 -23 0 
-140 -28 0 
-140 -36 0 
-140 -42 0 
-140 -49 0 
-140 -56 0 
-140 -62 0 
-140 -70 0 
-140 -75 0 
-140 -84 0 
-140 -88 0 
-140 -98 0 
-140 -101 0 
-140 -104 0 
-140 -112 0 
-140 -114 0 
-140 -116 0 
-140 -126 0 
-140 -127 0 
-140 -128 0 
-140 -131 0 
-140 -132 0 
-140 -133 0 
-140 -134 0 
-140 -135 0 
-140 -136 0 
-140 -137 0 
-140 -138 0 
-140 -139 0 
-140 -141 0 
-140 -142 0 
-140 -143 0 
-140 -152 0 
-140 -153 0 
-140 -154 0 
-140 -164 0 
-140 -166 0 
-140 -168 0 
-141 -1 0 
-141 -11 0 
-141 -15 0 
-141 -24 0 
-141 -29 0 
-141 -37 0 
-141 -43 0 
-141 -50 0 
-141 -57 0 
-141 -63 0 
-141 -71 0 
-141 -76 0 
-141 -85 0 
-141 -89 0 
-141 -99 0 
-141 -102 0 
-141 -113 0 
-141 -115 0 
-141 -117 0 
-141 -127 0 
-141 -128 0 
-141 -129 0 
-141 -131 0 
-141 -132 0 
-141 -133 0 
-141 -134 0 
-141 -135 0 
-141 -136 0 
-141 -137 0 
-141 -138 0 
-141 -139 0 
-141 -140 0 
-141 -142 0 
-141 -143 0 
-141 -153 0 
-141 -154 0 
-141 -155 0 
-141 -165 0 
-141 -167 0 
-141 -169 0 
-142 -2 0 
-142 -12 0 
-142 -16 0 
-142 -25 0 
-142 -30 0 
-142 -38 0 
-142 -44 0 
-142 -51 0 
-142 -58 0 
-142 -64 0 
-142 -72 0 
-142 -77 0 
-142 -86 0 
-142 -90 0 
-142 -100 0 
-142 -103 0 
-142 -114 0 
-142 -116 0 
-142 -128 0 
-142 -129 0 
-142 -130 0 
-142 -131 0 
-142 -132 0 
-142 -133 0 
-142 -134 0 
-142 -135 0 
-142 -136 0 
-142 -137 0 
-142 -138 0 
-142 -139 0 
-142 -140 0 
-142 -141 0 
-142 -143 0 
-142 -154 0 
-142 -155 0 
-142 -156 0 
-142 -166 0 
-142 -168 0 
-143 -3 0 
-143 -13 0 
-143 -17 0 
-143 -26 0 
-143 -31 0 
-143 -39 0 
-143 -45 0 
-143 -52 0 
-143 -59 0 
-143 -65 0 
-143 -73 0 
-143 -78 0 
-143 -87 0 
-143 -91 0 
-143 -101 0 
-143 -104 0 
-143 -115 0 
-143 -117 0 
-143 -129 0 
-143 -130 0 
-143 -131 0 
-143 -132 0 
-143 -133 0 
-143 -134 0 
-143 -135 0 
-143 -136 0 
-143 -137 0 
-143 -138 0 
-143 -139 0 
-143 -140 0 
-143 -141 0 
-143 -142 0 
-143 -155 0 
-143 -156 0 
-143 -167 0 
-143 -169 0 
-144 -1 0 
-144 -12 0 
-144 -14 0 
-144 -24 0 
-144 -27 0 
-144 -36 0 
-144 -40 0 
-144 -48 0 
-144 -53 0 
-144 -60 0 
-144 -66 0 
-144 -72 0 
-144 -79 0 
-144 -84 0 
-144 -92 0 
-144 -96 0 
-144 -105 0 
-144 -108 0 
-144 -118 0 
-144 -120 0 
-144 -131 0 
-144 -132 0 
-144 -145 0 
-144 -146 0 
-144 -147 0 
-144 -148 0 
-144 -149 0 
-144 -150 0 
-144 -151 0 
-144 -152 0 
-144 -153 0 
-144 -154 0 
-144 -155 0 
-144 -156 0 
-144 -157 0 
-144 -158 0 
-145 -2 0 
-145 -13 0 
-145 -15 0 
-145 -25 0 
-145 -28 0 
-145 -37 0 
-145 -41 0 
-145 -49 0 
-145 -54 0 
-145 -61 0 
-145 -67 0 
-145 -73 0 
-145 -80 0 
-145 -85 0 
-145 -93 0 
-145 -97 0 
-145 -106 0 
-145 -109 0 
-145 -119 0 
-145 -121 0 
-145 -131 0 
-145 -132 0 
-145 -133 0 
-145 -144 0 
-145 -146 0 
-145 -147 0 
-145 -148 0 
-145 -149 0 
-145 -150 0 
-145 -151 0 
-145 -152 0 
-145 -153 0 
-145 -154 0 
-145 -155 0 
-145 -156 0 
-145 -157 0 
-145 -158 0 
-145 -159 0 
-146 -3 0 
-146 -16 0 
-146 -26 0 
-146 -29 0 
-146 -38 0 
-146 -42 0 
-146 -50 0 
-146 -55 0 
-146 -62 0 
-146 -68 0 
-146 -74 0 
-146 -81 0 
-146 -86 0 
-146 -94 0 
-146 -98 0 
-146 -107 0 
-146 -110 0 
-146 -118 0 
-146 -120 0 
-146 -122 0 
-146 -132 0 
-146 -133 0 
-146 -134 0 
-146 -144 0 
-146 -145 0 
-146 -147 0 
-146 -148 0 
-146 -149 0 
-146 -150 0 
-146 -151 0 
-146 -152 0 
-146 -153 0 
-146 -154 0 
-146 -155 0 
-146 -156 0 
-146 -158 0 
-146 -159 0 
-146 -160 0 
-147 -4 0 
-147 -17 0 
-147 -30 0 
-147 -39 0 
-147 -43 0 
-147 -51 0 
-147 -56 0 
-147 -63 0 
-147 -69 0 
-147 -75 0 
-147 -82 0 
-147 -87 0 
-147 -95 0 
-147 -99 0 
-147 -105 0 
-147 -108 0 
-147 -111 0 
-147 -119 0 
-147 -121 0 
-147 -123 0 
-147 -133 0 
-147 -134 0 
-147 -135 0 
-147 -144 0 
-147 -145 0 
-147 -146 0 
-147 -148 0 
-147 -149 0 
-147 -150 0 
-147 -151 0 
-147 -152 0 
-147 -153 0 
-147 -154 0 
-147 -155 0 
-147 -156 0 
-147 -159 0 
-147 -160 0 
-147 -161 0 
-148 -5 0 
-148 -18 0 
-148 -31 0 
-148 -44 0 
-148 -52 0 
-148 -57 0 
-148 -64 0 
-148 -70 0 
-148 -76 0 
-148 -83 0 
-148 -88 0 
-148 -92 0 
-148 -96 0 
-148 -100 0 
-148 -106 0 
-148 -109 0 
-148 -112 0 
-148 -120 0 
-148 -122 0 
-148 -124 0 
-148 -134 0 
-148 -135 0 
-148 -136 0 
-148 -144 0 
-148 -145 0 
-148 -146 0 
-148 -147 0 
-148 -149 0 
-148 -150 0 
-148 -151 0 
-148 -152 0 
-148 -153 0 
-148 -154 0 
-148 -155 0 
-148 -156 0 
-148 -160 0 
-148 -161 0 
-148 -162 0 
-149 -6 0 
-149 -19 0 
-149 -32 0 
-149 -45 0 
-149 -58 0 
-149 -65 0 
-149 -71 0 
-149 -77 0 
-149 -79 0 
-149 -84 0 
-149 -89 0 
-149 -93 0 
-149 -97 0 
-149 -101 0 
-149 -107 0 
-149 -110 0 
-149 -113 0 
-149 -121 0 
-149 -123 0 
-149 -125 0 
-149 -135 0 
-149 -136 0 
-149 -137 0 
-149 -144 0 
-149 -145 0 
-149 -146 0 
-149 -147 0 
-149 -148 0 
-149 -150 0 
-149 -151 0 
-149 -152 0 
-149 -153 0 
-149 -154 0 
-149 -155 0 
-149 -156 0 
-149 -161 0 
-149 -162 0 
-149 -163 0 
-150 -7 0 
-150 -20 0 
-150 -33 0 
-150 -46 0 
-150 -59 0 
-150 -66 0 
-150 -72 0 
-150 -78 0 
-150 -80 0 
-150 -85 0 
-150 -90 0 
-150 -94 0 
-150 -98 0 
-150 -102 0 
-150 -108 0 
-150 -111 0 
-150 -114 0 
-150 -122 0 
-150 -124 0 
-150 -126 0 
-150 -136 0 
-150 -137 0 
-150 -138 0 
-150 -144 0 
-150 -145 0 
-150 -146 0 
-150 -147 0 
-150 -148 0 
-150 -149 0 
-150 -151 0 
-150 -152 0 
-150 -153 0 
-150 -154 0 
-150 -155 0 
-150 -156 0 
-150 -162 0 
-150 -163 0 
-150 -164 0 
-151 -8 0 
-151 -21 0 
-151 -34 0 
-151 -47 0 
-151 -53 0 
-151 -60 0 
-151 -67 0 
-151 -73 0 
-151 -81 0 
-151 -86 0 
-151 -91 0 
-151 -95 0 
-151 -99 0 
-151 -103 0 
-151 -109 0 
-151 -112 0 
-151 -115 0 
-151 -123 0 
-151 -125 0 
-151 -127 0 
-151 -137 0 
-151 -138 0 
-151 -139 0 
-151 -144 0 
-151 -145 0 
-151 -146 0 
-151 -147 0 
-151 -148 0 
-151 -149 0 
-151 -150 0 
-151 -152 0 
-151 -153 0 
-151 -154 0 
-151 -155 0 
-151 -156 0 
-151 -163 0 
-151 -164 0 
-151 -165 0 
-152 -9 0 
-152 -22 0 
-152 -35 0 
-152 -40 0 
-152 -48 0 
-152 -54 0 
-152 -61 0 
-152 -68 0 
-152 -74 0 
-152 -82 0 
-152 -87 0 
-152 -96 0 
-152 -100 0 
-152 -104 0 
-152 -110 0 
-152 -113 0 
-152 -116 0 
-152 -124 0 
-152 -126 0 
-152 -128 0 
-152 -138 0 
-152 -139 0 
-152 -140 0 
-152 -144 0 
-152 -145 0 
-152 -146 0 
-152 -147 0 
-152 -148 0 
-152 -149 0 
-152 -150 0 
-152 -151 0 
-152 -153 0 
-152 -154 0 
-152 -155 0 
-152 -156 0 
-152 -164 0 
-152 -165 0 
-152 -166 0 
-153 -10 0 
-153 -23 0 
-153 -27 0 
-153 -36 0 
-153 -41 0 
-153 -49 0 
-153 -55 0 
-153 -62 0 
-153 -69 0 
-153 -75 0 
-153 -83 0 
-153 -88 0 
-153 -97 0 
-153 -101 0 
-153 -111 0 
-153 -114 0 
-153 -117 0 
-153 -125 0 
-153 -127 0 
-153 -129 0 
-153 -139 0 
-153 -140 0 
-153 -141 0 
-153 -144 0 
-153 -145 0 
-153 -146 0 
-153 -147 0 
-153 -148 0 
-153 -149 0 
-153 -150 0 
-153 -151 0 
-153 -152 0 
-153 -154 0 
-153 -155 0 
-153 -156 0 
-153 -165 0 
-153 -166 0 
-153 -167 0 
-154 -11 0 
-154 -14 0 
-154 -24 0 
-154 -28 0 
-154 -37 0 
-154 -42 0 
-154 -50 0 
-154 -56 0 
-154 -63 0 
-154 -70 0 
-154 -76 0 
-154 -84 0 
-154 -89 0 
-154 -98 0 
-154 -102 0 
-154 -112 0 
-154 -115 0 
-154 -126 0 
-154 -128 0 
-154 -130 0 
-154 -140 0 
-154 -141 0 
-154 -142 0 
-154 -144 0 
-154 -145 0 
-154 -146 0 
-154 -147 0 
-154 -148 0 
-154 -149 0 
-154 -150 0 
-154 -151 0 
-154 -152 0 
-154 -153 0 
-154 -155 0 
-154 -156 0 
-154 -166 0 
-154 -167 0 
-154 -168 0 
-155 -1 0 
-155 -12 0 
-155 -15 0 
-155 -25 0 
-155 -29 0 
-155 -38 0 
-155 -43 0 
-155 -51 0 
-155 -57 0 
-155 -64 0 
-155 -71 0 
-155 -77 0 
-155 -85 0 
-155 -90 0 
-155 -99 0 
-155 -103 0 
-155 -113 0 
-155 -116 0 
-155 -127 0 
-155 -129 0 
-155 -141 0 
-155 -142 0 
-155 -143 0 
-155 -144 0 
-155 -145 0 
-155 -146 0 
-155 -147 0 
-155 -148 0 
-155 -149 0 
-155 -150 0 
-155 -151 0 
-155 -152 0 
-155 -153 0 
-155 -154 0 
-155 -156 0 
-155 -167 0 
-155 -168 0 
-155 -169 0 
-156 -2 0 
-156 -13 0 
-156 -16 0 
-156 -26 0 
-156 -30 0 
-156 -39 0 
-156 -44 0 
-156 -52 0 
-156 -58 0 
-156 -65 0 
-156 -72 0 
-156 -78 0 
-156 -86 0 
-156 -91 0 
-156 -100 0 
-156 -104 0 
-156 -114 0 
-156 -117 0 
-156 -128 0 
-156 -130 0 
-156 -142 0 
-156 -143 0 
-156 -144 0 
-156 -145 0 
-156 -146 0 
-156 -147 0 
-156 -148 0 
-156 -149 0 
-156 -150 0 
-156 -151 0 
-156 -152 0 
-156 -153 0 
-156 -154 0 
-156 -155 0 
-156 -168 0 
-156 -169 0 
-157 -1 0 
-157 -13 0 
-157 -14 0 
-157 -25 0 
-157 -27 0 
-157 -37 0 
-157 -40 0 
-157 -49 0 
-157 -53 0 
-157 -61 0 
-157 -66 0 
-157 -73 0 
-157 -79 0 
-157 -85 0 
-157 -92 0 
-157 -97 0 
-157 -105 0 
-157 -109 0 
-157 -118 0 
-157 -121 0 
-157 -131 0 
-157 -133 0 
-157 -144 0 
-157 -145 0 
-157 -158 0 
-157 -159 0 
-157 -160 0 
-157 -161 0 
-157 -162 0 
-157 -163 0 
-157 -164 0 
-157 -165 0 
-157 -166 0 
-157 -167 0 
-157 -168 0 
-157 -169 0 
-158 -2 0 
-158 -15 0 
-158 -26 0 
-158 -28 0 
-158 -38 0 
-158 -41 0 
-158 -50 0 
-158 -54 0 
-158 -62 0 
-158 -67 0 
-158 -74 0 
-158 -80 0 
-158 -86 0 
-158 -93 0 
-158 -98 0 
-158 -106 0 
-158 -110 0 
-158 -119 0 
-158 -122 0 
-158 -132 0 
-158 -134 0 
-158 -144 0 
-158 -145 0 
-158 -146 0 
-158 -157 0 
-158 -159 0 
-158 -160 0 
-158 -161 0 
-158 -162 0 
-158 -163 0 
-158 -164 0 
-158 -165 0 
-158 -166 0 
-158 -167 0 
-158 -168 0 
-158 -169 0 
-159 -3 0 
-159 -16 0 
-159 -29 0 
-159 -39 0 
-159 -42 0 
-159 -51 0 
-159 -55 0 
-159 -63 0 
-159 -68 0 
-159 -75 0 
-159 -81 0 
-159 -87 0 
-159 -94 0 
-159 -99 0 
-159 -107 0 
-159 -111 0 
-159 -120 0 
-159 -123 0 
-159 -131 0 
-159 -133 0 
-159 -135 0 
-159 -145 0 
-159 -146 0 
-159 -147 0 
-159 -157 0 
-159 -158 0 
-159 -160 0 
-159 -161 0 
-159 -162 0 
-159 -163 0 
-159 -164 0 
-159 -165 0 
-159 -166 0 
-159 -167 0 
-159 -168 0 
-159 -169 0 
-160 -4 0 
-160 -17 0 
-160 -30 0 
-160 -43 0 
-160 -52 0 
-160 -56 0 
-160 -64 0 
-160 -69 0 
-160 -76 0 
-160 -82 0 
-160 -88 0 
-160 -95 0 
-160 -100 0 
-160 -108 0 
-160 -112 0 
-160 -118 0 
-160 -121 0 
-160 -124 0 
-160 -132 0 
-160 -134 0 
-160 -136 0 
-160 -146 0 
-160 -147 0 
-160 -148 0 
-160 -157 0 
-160 -158 0 
-160 -159 0 
-160 -161 0 
-160 -162 0 
-160 -163 0 
-160 -164 0 
-160 -165 0 
-160 -166 0 
-160 -167 0 
-160 -168 0 
-160 -169 0 
-161 -5 0 
-161 -18 0 
-161 -31 0 
-161 -44 0 
-161 -57 0 
-161 -65 0 
-161 -70 0 
-161 -77 0 
-161 -83 0 
-161 -89 0 
-161 -96 0 
-161 -101 0 
-161 -105 0 
-161 -109 0 
-161 -113 0 
-161 -119 0 
-161 -122 0 
-161 -125 0 
-161 -133 0 
-161 -135 0 
-161 -137 0 
-161 -147 0 
-161 -148 0 
-161 -149 0 
-161 -157 0 
-161 -158 0 
-161 -159 0 
-161 -160 0 
-161 -162 0 
-161 -163 0 
-161 -164 0 
-161 -165 0 
-161 -166 0 
-161 -167 0 
-161 -168 0 
-161 -169 0 
-162 -6 0 
-162 -19 0 
-162 -32 0 
-162 -45 0 
-162 -58 0 
-162 -71 0 
-162 -78 0 
-162 -84 0 
-162 -90 0 
-162 -92 0 
-162 -97 0 
-162 -102 0 
-162 -106 0 
-162 -110 0 
-162 -114 0 
-162 -120 0 
-162 -123 0 
-162 -126 0 
-162 -134 0 
-162 -136 0 
-162 -138 0 
-162 -148 0 
-162 -149 0 
-162 -150 0 
-162 -157 0 
-162 -158 0 
-162 -159 0 
-162 -160 0 
-162 -161 0 
-162 -163 0 
-162 -164 0 
-162 -165 0 
-162 -166 0 
-162 -167 0 
-162 -168 0 
-162 -169 0 
-163 -7 0 
-163 -20 0 
-163 -33 0 
-163 -46 0 
-163 -59 0 
-163 -72 0 
-163 -79 0 
-163 -85 0 
-163 -91 0 
-163 -93 0 
-163 -98 0 
-163 -103 0 
-163 -107 0 
-163 -111 0 
-163 -115 0 
-163 -121 0 
-163 -124 0 
-163 -127 0 
-163 -135 0 
-163 -137 0 
-163 -139 0 
-163 -149 0 
-163 -150 0 
-163 -151 0 
-163 -157 0 
-163 -158 0 
-163 -159 0 
-163 -160 0 
-163 -161 0 
-163 -162 0 
-163 -164 0 
-163 -165 0 
-163 -166 0 
-163 -167 0 
-163 -168 0 
-163 -169 0 
-164 -8 0 
-164 -21 0 
-164 -34 0 
-164 -47 0 
-164 -60 0 
-164 -66 0 
-164 -73 0 
-164 -80 0 
-164 -86 0 
-164 -94 0 
-164 -99 0 
-164 -104 0 
-164 -108 0 
-164 -112 0 
-164 -116 0 
-164 -122 0 
-164 -125 0 
-164 -128 0 
-164 -136 0 
-164 -138 0 
-164 -140 0 
-164 -150 0 
-164 -151 0 
-164 -152 0 
-164 -157 0 
-164 -158 0 
-164 -159 0 
-164 -160 0 
-164 -161 0 
-164 -162 0 
-164 -163 0 
-164 -165 0 
-164 -166 0 
-164 -167 0 
-164 -168 0 
-164 -169 0 
-165 -9 0 
-165 -22 0 
-165 -35 0 
-165 -48 0 
-165 -53 0 
-165 -61 0 
-165 -67 0 
-165 -74 0 
-165 -81 0 
-165 -87 0 
-165 -95 0 
-165 -100 0 
-165 -109 0 
-165 -113 0 
-165 -117 0 
-165 -123 0 
-165 -126 0 
-165 -129 0 
-165 -137 0 
-165 -139 0 
-165 -141 0 
-165 -151 0 
-165 -152 0 
-165 -153 0 
-165 -157 0 
-165 -158 0 
-165 -159 0 
-165 -160 0 
-165 -161 0 
-165 -162 0 
-165 -163 0 
-165 -164 0 
-165 -166 0 
-165 -167 0 
-165 -168 0 
-165 -169 0 
-166 -10 0 
-166 -23 0 
-166 -36 0 
-166 -40 0 
-166 -49 0 
-166 -54 0 
-166 -62 0 
-166 -68 0 
-166 -75 0 
-166 -82 0 
-166 -88 0 
-166 -96 0 
-166 -101 0 
-166 -110 0 
-166 -114 0 
-166 -124 0 
-166 -127 0 
-166 -130 0 
-166 -138 0 
-166 -140 0 
-166 -142 0 
-166 -152 0 
-166 -153 0 
-166 -154 0 
-166 -157 0 
-166 -158 0 
-166 -159 0 
-166 -160 0 
-166 -161 0 
-166 -162 0 
-166 -163 0 
-166 -164 0 
-166 -165 0 
-166 -167 0 
-166 -168 0 
-166 -169 0 
-167 -11 0 
-167 -24 0 
-167 -27 0 
-167 -37 0 
-167 -41 0 
-167 -50 0 
-167 -55 0 
-167 -63 0 
-167 -69 0 
-167 -76 0 
-167 -83 0 
-167 -89 0 
-167 -97 0 
-167 -102 0 
-167 -111 0 
-167 -115 0 
-167 -125 0 
-167 -128 0 
-167 -139 0 
-167 -141 0 
-167 -143 0 
-167 -153 0 
-167 -154 0 
-167 -155 0 
-167 -157 0 
-167 -158 0 
-167 -159 0 
-167 -160 0 
-167 -161 0 
-167 -162 0 
-167 -163 0 
-167 -164 0 
-167 -165 0 
-167 -166 0 
-167 -168 0 
-167 -169 0 
-168 -12 0 
-168 -14 0 
-168 -25 0 
-168 -28 0 
-168 -38 0 
-168 -42 0 
-168 -51 0 
-168 -56 0 
-168 -64 0 
-168 -70 0 
-168 -77 0 
-168 -84 0 
-168 -90 0 
-168 -98 0 
-168 -103 0 
-168 -112 0 
-168 -116 0 
-168 -126 0 
-168 -129 0 
-168 -140 0 
-168 -142 0 
-168 -154 0 
-168 -155 0 
-168 -156 0 
-168 -157 0 
-168 -158 0 
-168 -159 0 
-168 -160 0 
-168 -161 0 
-168 -162 0 
-168 -163 0 
-168 -164 0 
-168 -165 0 
-168 -166 0 
-168 -167 0 
-168 -169 0 
-169 -1 0 
-169 -13 0 
-169 -15 0 
-169 -26 0 
-169 -29 0 
-169 -39 0 
-169 -43 0 
-169 -52 0 
-169 -57 0 
-169 -65 0 
-169 -71 0 
-169 -78 0 
-169 -85 0 
-169 -91 0 
-169 -99 0 
-169 -104 0 
-169 -113 0 
-169 -117 0 
-169 -127 0 
-169 -130 0 
-169 -141 0 
-169 -143 0 
-169 -155 0 
-169 -156 0 
-169 -157 0 
-169 -158 0 
-169 -159 0 
-169 -160 0 
-169 -161 0 
-169 -162 0 
-169 -163 0 
-169 -164 0 
-169 -165 0 
-169 -166 0 
-169 -167 0 
-169 -168 0 
