p cnf 25 325 
1 2 3 4 5 0 
6 7 8 9 10 0 
11 12 13 14 15 0 
16 17 18 19 20 0 
21 22 23 24 25 0 
-1 -2 0 
-1 -3 0 
-1 -4 0 
-1 -5 0 
-1 -6 0 
-1 -7 0 
-1 -11 0 
-1 -13 0 
-1 -16 0 
-1 -19 0 
-1 -21 0 
-1 -25 0 
-2 -1 0 
-2 -3 0 
-2 -4 0 
-2 -5 0 
-2 -6 0 
-2 -7 0 
-2 -8 0 
-2 -12 0 
-2 -14 0 
-2 -17 0 
-2 -20 0 
-2 -22 0 
-3 -1 0 
-3 -2 0 
-3 -4 0 
-3 -5 0 
-3 -7 0 
-3 -8 0 
-3 -9 0 
-3 -11 0 
-3 -13 0 
-3 -15 0 
-3 -18 0 
-3 -23 0 
-4 -1 0 
-4 -2 0 
-4 -3 0 
-4 -5 0 
-4 -8 0 
-4 -9 0 
-4 -10 0 
-4 -12 0 
-4 -14 0 
-4 -16 0 
-4 -19 0 
-4 -24 0 
-5 -1 0 
-5 -2 0 
-5 -3 0 
-5 -4 0 
-5 -9 0 
-5 -10 0 
-5 -13 0 
-5 -15 0 
-5 -17 0 
-5 -20 0 
-5 -21 0 
-5 -25 0 
-6 -1 0 
-6 -2 0 
-6 -7 0 
-6 -8 0 
-6 -9 0 
-6 -10 0 
-6 -11 0 
-6 -12 0 
-6 -16 0 
-6 -18 0 
-6 -21 0 
-6 -24 0 
-7 -1 0 
-7 -2 0 
-7 -3 0 
-7 -6 0 
-7 -8 0 
-7 -9 0 
-7 -10 0 
-7 -11 0 
-7 -12 0 
-7 -13 0 
-7 -17 0 
-7 -19 0 
-7 -22 0 
-7 -25 0 
-8 -2 0 
-8 -3 0 
-8 -4 0 
-8 -6 0 
-8 -7 0 
-8 -9 0 
-8 -10 0 
-8 -12 0 
-8 -13 0 
-8 -14 0 
-8 -16 0 
-8 -18 0 
-8 -20 0 
-8 -23 0 
-9 -3 0 
-9 -4 0 
-9 -5 0 
-9 -6 0 
-9 -7 0 
-9 -8 0 
-9 -10 0 
-9 -13 0 
-9 -14 0 
-9 -15 0 
-9 -17 0 
-9 -19 0 
-9 -21 0 
-9 -24 0 
-10 -4 0 
-10 -5 0 
-10 -6 0 
-10 -7 0 
-10 -8 0 
-10 -9 0 
-10 -14 0 
-10 -15 0 
-10 -18 0 
-10 -20 0 
-10 -22 0 
-10 -25 0 
-11 -1 0 
-11 -3 0 
-11 -6 0 
-11 -7 0 
-11 -12 0 
-11 -13 0 
-11 -14 0 
-11 -15 0 
-11 -16 0 
-11 -17 0 
-11 -21 0 
-11 -23 0 
-12 -2 0 
-12 -4 0 
-12 -6 0 
-12 -7 0 
-12 -8 0 
-12 -11 0 
-12 -13 0 
-12 -14 0 
-12 -15 0 
-12 -16 0 
-12 -17 0 
-12 -18 0 
-12 -22 0 
-12 -24 0 
-13 -1 0 
-13 -3 0 
-13 -5 0 
-13 -7 0 
-13 -8 0 
-13 -9 0 
-13 -11 0 
-13 -12 0 
-13 -14 0 
-13 -15 0 
-13 -17 0 
-13 -18 0 
-13 -19 0 
-13 -21 0 
-13 -23 0 
-13 -25 0 
-14 -2 0 
-14 -4 0 
-14 -8 0 
-14 -9 0 
-14 -10 0 
-14 -11 0 
-14 -12 0 
-14 -13 0 
-14 -15 0 
-14 -18 0 
-14 -19 0 
-14 -20 0 
-14 -22 0 
-14 -24 0 
-15 -3 0 
-15 -5 0 
-15 -9 0 
-15 -10 0 
-15 -11 0 
-15 -12 0 
-15 -13 0 
-15 -14 0 
-15 -19 0 
-15 -20 0 
-15 -23 0 
-15 -25 0 
-16 -1 0 
-16 -4 0 
-16 -6 0 
-16 -8 0 
-16 -11 0 
-16 -12 0 
-16 -17 0 
-16 -18 0 
-16 -19 0 
-16 -20 0 
-16 -21 0 
-16 -22 0 
-17 -2 0 
-17 -5 0 
-17 -7 0 
-17 -9 0 
-17 -11 0 
-17 -12 0 
-17 -13 0 
-17 -16 0 
-17 -18 0 
-17 -19 0 
-17 -20 0 
-17 -21 0 
-17 -22 0 
-17 -23 0 
-18 -3 0 
-18 -6 0 
-18 -8 0 
-18 -10 0 
-18 -12 0 
-18 -13 0 
-18 -14 0 
-18 -16 0 
-18 -17 0 
-18 -19 0 
-18 -20 0 
-18 -22 0 
-18 -23 0 
-18 -24 0 
-19 -1 0 
-19 -4 0 
-19 -7 0 
-19 -9 0 
-19 -13 0 
-19 -14 0 
-19 -15 0 
-19 -16 0 
-19 -17 0 
-19 -18 0 
-19 -20 0 
-19 -23 0 
-19 -24 0 
-19 -25 0 
-20 -2 0 
-20 -5 0 
-20 -8 0 
-20 -10 0 
-20 -14 0 
-20 -15 0 
-20 -16 0 
-20 -17 0 
-20 -18 0 
-20 -19 0 
-20 -24 0 
-20 -25 0 
-21 -1 0 
-21 -5 0 
-21 -6 0 
-21 -9 0 
-21 -11 0 
-21 -13 0 
-21 -16 0 
-21 -17 0 
-21 -22 0 
-21 -23 0 
-21 -24 0 
-21 -25 0 
-22 -2 0 
-22 -7 0 
-22 -10 0 
-22 -12 0 
-22 -14 0 
-22 -16 0 
-22 -17 0 
-22 -18 0 
-22 -21 0 
-22 -23 0 
-22 -24 0 
-22 -25 0 
-23 -3 0 
-23 -8 0 
-23 -11 0 
-23 -13 0 
-23 -15 0 
-23 -17 0 
-23 -18 0 
-23 -19 0 
-23 -21 0 
-23 -22 0 
-23 -24 0 
-23 -25 0 
-24 -4 0 
-24 -6 0 
-24 -9 0 
-24 -12 0 
-24 -14 0 
-24 -18 0 
-24 -19 0 
-24 -20 0 
-24 -21 0 
-24 -22 0 
-24 -23 0 
-24 -25 0 
-25 -1 0 
-25 -5 0 
-25 -7 0 
-25 -10 0 
-25 -13 0 
-25 -15 0 
-25 -19 0 
-25 -20 0 
-25 -21 0 
-25 -22 0 
-25 -23 0 
-25 -24 0 
