p cnf 36 586 
1 2 3 4 5 6 0 
7 8 9 10 11 12 0 
13 14 15 16 17 18 0 
19 20 21 22 23 24 0 
25 26 27 28 29 30 0 
31 32 33 34 35 36 0 
-1 -2 0 
-1 -3 0 
-1 -4 0 
-1 -5 0 
-1 -6 0 
-1 -7 0 
-1 -8 0 
-1 -13 0 
-1 -15 0 
-1 -19 0 
-1 -22 0 
-1 -25 0 
-1 -29 0 
-1 -31 0 
-1 -36 0 
-2 -1 0 
-2 -3 0 
-2 -4 0 
-2 -5 0 
-2 -6 0 
-2 -7 0 
-2 -8 0 
-2 -9 0 
-2 -14 0 
-2 -16 0 
-2 -20 0 
-2 -23 0 
-2 -26 0 
-2 -30 0 
-2 -32 0 
-3 -1 0 
-3 -2 0 
-3 -4 0 
-3 -5 0 
-3 -6 0 
-3 -8 0 
-3 -9 0 
-3 -10 0 
-3 -13 0 
-3 -15 0 
-3 -17 0 
-3 -21 0 
-3 -24 0 
-3 -27 0 
-3 -33 0 
-4 -1 0 
-4 -2 0 
-4 -3 0 
-4 -5 0 
-4 -6 0 
-4 -9 0 
-4 -10 0 
-4 -11 0 
-4 -14 0 
-4 -16 0 
-4 -18 0 
-4 -19 0 
-4 -22 0 
-4 -28 0 
-4 -34 0 
-5 -1 0 
-5 -2 0 
-5 -3 0 
-5 -4 0 
-5 -6 0 
-5 -10 0 
-5 -11 0 
-5 -12 0 
-5 -15 0 
-5 -17 0 
-5 -20 0 
-5 -23 0 
-5 -25 0 
-5 -29 0 
-5 -35 0 
-6 -1 0 
-6 -2 0 
-6 -3 0 
-6 -4 0 
-6 -5 0 
-6 -11 0 
-6 -12 0 
-6 -16 0 
-6 -18 0 
-6 -21 0 
-6 -24 0 
-6 -26 0 
-6 -30 0 
-6 -31 0 
-6 -36 0 
-7 -1 0 
-7 -2 0 
-7 -8 0 
-7 -9 0 
-7 -10 0 
-7 -11 0 
-7 -12 0 
-7 -13 0 
-7 -14 0 
-7 -19 0 
-7 -21 0 
-7 -25 0 
-7 -28 0 
-7 -31 0 
-7 -35 0 
-8 -1 0 
-8 -2 0 
-8 -3 0 
-8 -7 0 
-8 -9 0 
-8 -10 0 
-8 -11 0 
-8 -12 0 
-8 -13 0 
-8 -14 0 
-8 -15 0 
-8 -20 0 
-8 -22 0 
-8 -26 0 
-8 -29 0 
-8 -32 0 
-8 -36 0 
-9 -2 0 
-9 -3 0 
-9 -4 0 
-9 -7 0 
-9 -8 0 
-9 -10 0 
-9 -11 0 
-9 -12 0 
-9 -14 0 
-9 -15 0 
-9 -16 0 
-9 -19 0 
-9 -21 0 
-9 -23 0 
-9 -27 0 
-9 -30 0 
-9 -33 0 
-10 -3 0 
-10 -4 0 
-10 -5 0 
-10 -7 0 
-10 -8 0 
-10 -9 0 
-10 -11 0 
-10 -12 0 
-10 -15 0 
-10 -16 0 
-10 -17 0 
-10 -20 0 
-10 -22 0 
-10 -24 0 
-10 -25 0 
-10 -28 0 
-10 -34 0 
-11 -4 0 
-11 -5 0 
-11 -6 0 
-11 -7 0 
-11 -8 0 
-11 -9 0 
-11 -10 0 
-11 -12 0 
-11 -16 0 
-11 -17 0 
-11 -18 0 
-11 -21 0 
-11 -23 0 
-11 -26 0 
-11 -29 0 
-11 -31 0 
-11 -35 0 
-12 -5 0 
-12 -6 0 
-12 -7 0 
-12 -8 0 
-12 -9 0 
-12 -10 0 
-12 -11 0 
-12 -17 0 
-12 -18 0 
-12 -22 0 
-12 -24 0 
-12 -27 0 
-12 -30 0 
-12 -32 0 
-12 -36 0 
-13 -1 0 
-13 -3 0 
-13 -7 0 
-13 -8 0 
-13 -14 0 
-13 -15 0 
-13 -16 0 
-13 -17 0 
-13 -18 0 
-13 -19 0 
-13 -20 0 
-13 -25 0 
-13 -27 0 
-13 -31 0 
-13 -34 0 
-14 -2 0 
-14 -4 0 
-14 -7 0 
-14 -8 0 
-14 -9 0 
-14 -13 0 
-14 -15 0 
-14 -16 0 
-14 -17 0 
-14 -18 0 
-14 -19 0 
-14 -20 0 
-14 -21 0 
-14 -26 0 
-14 -28 0 
-14 -32 0 
-14 -35 0 
-15 -1 0 
-15 -3 0 
-15 -5 0 
-15 -8 0 
-15 -9 0 
-15 -10 0 
-15 -13 0 
-15 -14 0 
-15 -16 0 
-15 -17 0 
-15 -18 0 
-15 -20 0 
-15 -21 0 
-15 -22 0 
-15 -25 0 
-15 -27 0 
-15 -29 0 
-15 -33 0 
-15 -36 0 
-16 -2 0 
-16 -4 0 
-16 -6 0 
-16 -9 0 
-16 -10 0 
-16 -11 0 
-16 -13 0 
-16 -14 0 
-16 -15 0 
-16 -17 0 
-16 -18 0 
-16 -21 0 
-16 -22 0 
-16 -23 0 
-16 -26 0 
-16 -28 0 
-16 -30 0 
-16 -31 0 
-16 -34 0 
-17 -3 0 
-17 -5 0 
-17 -10 0 
-17 -11 0 
-17 -12 0 
-17 -13 0 
-17 -14 0 
-17 -15 0 
-17 -16 0 
-17 -18 0 
-17 -22 0 
-17 -23 0 
-17 -24 0 
-17 -27 0 
-17 -29 0 
-17 -32 0 
-17 -35 0 
-18 -4 0 
-18 -6 0 
-18 -11 0 
-18 -12 0 
-18 -13 0 
-18 -14 0 
-18 -15 0 
-18 -16 0 
-18 -17 0 
-18 -23 0 
-18 -24 0 
-18 -28 0 
-18 -30 0 
-18 -33 0 
-18 -36 0 
-19 -1 0 
-19 -4 0 
-19 -7 0 
-19 -9 0 
-19 -13 0 
-19 -14 0 
-19 -20 0 
-19 -21 0 
-19 -22 0 
-19 -23 0 
-19 -24 0 
-19 -25 0 
-19 -26 0 
-19 -31 0 
-19 -33 0 
-20 -2 0 
-20 -5 0 
-20 -8 0 
-20 -10 0 
-20 -13 0 
-20 -14 0 
-20 -15 0 
-20 -19 0 
-20 -21 0 
-20 -22 0 
-20 -23 0 
-20 -24 0 
-20 -25 0 
-20 -26 0 
-20 -27 0 
-20 -32 0 
-20 -34 0 
-21 -3 0 
-21 -6 0 
-21 -7 0 
-21 -9 0 
-21 -11 0 
-21 -14 0 
-21 -15 0 
-21 -16 0 
-21 -19 0 
-21 -20 0 
-21 -22 0 
-21 -23 0 
-21 -24 0 
-21 -26 0 
-21 -27 0 
-21 -28 0 
-21 -31 0 
-21 -33 0 
-21 -35 0 
-22 -1 0 
-22 -4 0 
-22 -8 0 
-22 -10 0 
-22 -12 0 
-22 -15 0 
-22 -16 0 
-22 -17 0 
-22 -19 0 
-22 -20 0 
-22 -21 0 
-22 -23 0 
-22 -24 0 
-22 -27 0 
-22 -28 0 
-22 -29 0 
-22 -32 0 
-22 -34 0 
-22 -36 0 
-23 -2 0 
-23 -5 0 
-23 -9 0 
-23 -11 0 
-23 -16 0 
-23 -17 0 
-23 -18 0 
-23 -19 0 
-23 -20 0 
-23 -21 0 
-23 -22 0 
-23 -24 0 
-23 -28 0 
-23 -29 0 
-23 -30 0 
-23 -33 0 
-23 -35 0 
-24 -3 0 
-24 -6 0 
-24 -10 0 
-24 -12 0 
-24 -17 0 
-24 -18 0 
-24 -19 0 
-24 -20 0 
-24 -21 0 
-24 -22 0 
-24 -23 0 
-24 -29 0 
-24 -30 0 
-24 -34 0 
-24 -36 0 
-25 -1 0 
-25 -5 0 
-25 -7 0 
-25 -10 0 
-25 -13 0 
-25 -15 0 
-25 -19 0 
-25 -20 0 
-25 -26 0 
-25 -27 0 
-25 -28 0 
-25 -29 0 
-25 -30 0 
-25 -31 0 
-25 -32 0 
-26 -2 0 
-26 -6 0 
-26 -8 0 
-26 -11 0 
-26 -14 0 
-26 -16 0 
-26 -19 0 
-26 -20 0 
-26 -21 0 
-26 -25 0 
-26 -27 0 
-26 -28 0 
-26 -29 0 
-26 -30 0 
-26 -31 0 
-26 -32 0 
-26 -33 0 
-27 -3 0 
-27 -9 0 
-27 -12 0 
-27 -13 0 
-27 -15 0 
-27 -17 0 
-27 -20 0 
-27 -21 0 
-27 -22 0 
-27 -25 0 
-27 -26 0 
-27 -28 0 
-27 -29 0 
-27 -30 0 
-27 -32 0 
-27 -33 0 
-27 -34 0 
-28 -4 0 
-28 -7 0 
-28 -10 0 
-28 -14 0 
-28 -16 0 
-28 -18 0 
-28 -21 0 
-28 -22 0 
-28 -23 0 
-28 -25 0 
-28 -26 0 
-28 -27 0 
-28 -29 0 
-28 -30 0 
-28 -33 0 
-28 -34 0 
-28 -35 0 
-29 -1 0 
-29 -5 0 
-29 -8 0 
-29 -11 0 
-29 -15 0 
-29 -17 0 
-29 -22 0 
-29 -23 0 
-29 -24 0 
-29 -25 0 
-29 -26 0 
-29 -27 0 
-29 -28 0 
-29 -30 0 
-29 -34 0 
-29 -35 0 
-29 -36 0 
-30 -2 0 
-30 -6 0 
-30 -9 0 
-30 -12 0 
-30 -16 0 
-30 -18 0 
-30 -23 0 
-30 -24 0 
-30 -25 0 
-30 -26 0 
-30 -27 0 
-30 -28 0 
-30 -29 0 
-30 -35 0 
-30 -36 0 
-31 -1 0 
-31 -6 0 
-31 -7 0 
-31 -11 0 
-31 -13 0 
-31 -16 0 
-31 -19 0 
-31 -21 0 
-31 -25 0 
-31 -26 0 
-31 -32 0 
-31 -33 0 
-31 -34 0 
-31 -35 0 
-31 -36 0 
-32 -2 0 
-32 -8 0 
-32 -12 0 
-32 -14 0 
-32 -17 0 
-32 -20 0 
-32 -22 0 
-32 -25 0 
-32 -26 0 
-32 -27 0 
-32 -31 0 
-32 -33 0 
-32 -34 0 
-32 -35 0 
-32 -36 0 
-33 -3 0 
-33 -9 0 
-33 -15 0 
-33 -18 0 
-33 -19 0 
-33 -21 0 
-33 -23 0 
-33 -26 0 
-33 -27 0 
-33 -28 0 
-33 -31 0 
-33 -32 0 
-33 -34 0 
-33 -35 0 
-33 -36 0 
-34 -4 0 
-34 -10 0 
-34 -13 0 
-34 -16 0 
-34 -20 0 
-34 -22 0 
-34 -24 0 
-34 -27 0 
-34 -28 0 
-34 -29 0 
-34 -31 0 
-34 -32 0 
-34 -33 0 
-34 -35 0 
-34 -36 0 
-35 -5 0 
-35 -7 0 
-35 -11 0 
-35 -14 0 
-35 -17 0 
-35 -21 0 
-35 -23 0 
-35 -28 0 
-35 -29 0 
-35 -30 0 
-35 -31 0 
-35 -32 0 
-35 -33 0 
-35 -34 0 
-35 -36 0 
-36 -1 0 
-36 -6 0 
-36 -8 0 
-36 -12 0 
-36 -15 0 
-36 -18 0 
-36 -22 0 
-36 -24 0 
-36 -29 0 
-36 -30 0 
-36 -31 0 
-36 -32 0 
-36 -33 0 
-36 -34 0 
-36 -35 0 
