p cnf 49 959 
1 2 3 4 5 6 7 0 
8 9 10 11 12 13 14 0 
15 16 17 18 19 20 21 0 
22 23 24 25 26 27 28 0 
29 30 31 32 33 34 35 0 
36 37 38 39 40 41 42 0 
43 44 45 46 47 48 49 0 
-1 -2 0 
-1 -3 0 
-1 -4 0 
-1 -5 0 
-1 -6 0 
-1 -7 0 
-1 -8 0 
-1 -9 0 
-1 -15 0 
-1 -17 0 
-1 -22 0 
-1 -25 0 
-1 -29 0 
-1 -33 0 
-1 -36 0 
-1 -41 0 
-1 -43 0 
-1 -49 0 
-2 -1 0 
-2 -3 0 
-2 -4 0 
-2 -5 0 
-2 -6 0 
-2 -7 0 
-2 -8 0 
-2 -9 0 
-2 -10 0 
-2 -16 0 
-2 -18 0 
-2 -23 0 
-2 -26 0 
-2 -30 0 
-2 -34 0 
-2 -37 0 
-2 -42 0 
-2 -44 0 
-3 -1 0 
-3 -2 0 
-3 -4 0 
-3 -5 0 
-3 -6 0 
-3 -7 0 
-3 -9 0 
-3 -10 0 
-3 -11 0 
-3 -15 0 
-3 -17 0 
-3 -19 0 
-3 -24 0 
-3 -27 0 
-3 -31 0 
-3 -35 0 
-3 -38 0 
-3 -45 0 
-4 -1 0 
-4 -2 0 
-4 -3 0 
-4 -5 0 
-4 -6 0 
-4 -7 0 
-4 -10 0 
-4 -11 0 
-4 -12 0 
-4 -16 0 
-4 -18 0 
-4 -20 0 
-4 -22 0 
-4 -25 0 
-4 -28 0 
-4 -32 0 
-4 -39 0 
-4 -46 0 
-5 -1 0 
-5 -2 0 
-5 -3 0 
-5 -4 0 
-5 -6 0 
-5 -7 0 
-5 -11 0 
-5 -12 0 
-5 -13 0 
-5 -17 0 
-5 -19 0 
-5 -21 0 
-5 -23 0 
-5 -26 0 
-5 -29 0 
-5 -33 0 
-5 -40 0 
-5 -47 0 
-6 -1 0 
-6 -2 0 
-6 -3 0 
-6 -4 0 
-6 -5 0 
-6 -7 0 
-6 -12 0 
-6 -13 0 
-6 -14 0 
-6 -18 0 
-6 -20 0 
-6 -24 0 
-6 -27 0 
-6 -30 0 
-6 -34 0 
-6 -36 0 
-6 -41 0 
-6 -48 0 
-7 -1 0 
-7 -2 0 
-7 -3 0 
-7 -4 0 
-7 -5 0 
-7 -6 0 
-7 -13 0 
-7 -14 0 
-7 -19 0 
-7 -21 0 
-7 -25 0 
-7 -28 0 
-7 -31 0 
-7 -35 0 
-7 -37 0 
-7 -42 0 
-7 -43 0 
-7 -49 0 
-8 -1 0 
-8 -2 0 
-8 -9 0 
-8 -10 0 
-8 -11 0 
-8 -12 0 
-8 -13 0 
-8 -14 0 
-8 -15 0 
-8 -16 0 
-8 -22 0 
-8 -24 0 
-8 -29 0 
-8 -32 0 
-8 -36 0 
-8 -40 0 
-8 -43 0 
-8 -48 0 
-9 -1 0 
-9 -2 0 
-9 -3 0 
-9 -8 0 
-9 -10 0 
-9 -11 0 
-9 -12 0 
-9 -13 0 
-9 -14 0 
-9 -15 0 
-9 -16 0 
-9 -17 0 
-9 -23 0 
-9 -25 0 
-9 -30 0 
-9 -33 0 
-9 -37 0 
-9 -41 0 
-9 -44 0 
-9 -49 0 
-10 -2 0 
-10 -3 0 
-10 -4 0 
-10 -8 0 
-10 -9 0 
-10 -11 0 
-10 -12 0 
-10 -13 0 
-10 -14 0 
-10 -16 0 
-10 -17 0 
-10 -18 0 
-10 -22 0 
-10 -24 0 
-10 -26 0 
-10 -31 0 
-10 -34 0 
-10 -38 0 
-10 -42 0 
-10 -45 0 
-11 -3 0 
-11 -4 0 
-11 -5 0 
-11 -8 0 
-11 -9 0 
-11 -10 0 
-11 -12 0 
-11 -13 0 
-11 -14 0 
-11 -17 0 
-11 -18 0 
-11 -19 0 
-11 -23 0 
-11 -25 0 
-11 -27 0 
-11 -29 0 
-11 -32 0 
-11 -35 0 
-11 -39 0 
-11 -46 0 
-12 -4 0 
-12 -5 0 
-12 -6 0 
-12 -8 0 
-12 -9 0 
-12 -10 0 
-12 -11 0 
-12 -13 0 
-12 -14 0 
-12 -18 0 
-12 -19 0 
-12 -20 0 
-12 -24 0 
-12 -26 0 
-12 -28 0 
-12 -30 0 
-12 -33 0 
-12 -36 0 
-12 -40 0 
-12 -47 0 
-13 -5 0 
-13 -6 0 
-13 -7 0 
-13 -8 0 
-13 -9 0 
-13 -10 0 
-13 -11 0 
-13 -12 0 
-13 -14 0 
-13 -19 0 
-13 -20 0 
-13 -21 0 
-13 -25 0 
-13 -27 0 
-13 -31 0 
-13 -34 0 
-13 -37 0 
-13 -41 0 
-13 -43 0 
-13 -48 0 
-14 -6 0 
-14 -7 0 
-14 -8 0 
-14 -9 0 
-14 -10 0 
-14 -11 0 
-14 -12 0 
-14 -13 0 
-14 -20 0 
-14 -21 0 
-14 -26 0 
-14 -28 0 
-14 -32 0 
-14 -35 0 
-14 -38 0 
-14 -42 0 
-14 -44 0 
-14 -49 0 
-15 -1 0 
-15 -3 0 
-15 -8 0 
-15 -9 0 
-15 -16 0 
-15 -17 0 
-15 -18 0 
-15 -19 0 
-15 -20 0 
-15 -21 0 
-15 -22 0 
-15 -23 0 
-15 -29 0 
-15 -31 0 
-15 -36 0 
-15 -39 0 
-15 -43 0 
-15 -47 0 
-16 -2 0 
-16 -4 0 
-16 -8 0 
-16 -9 0 
-16 -10 0 
-16 -15 0 
-16 -17 0 
-16 -18 0 
-16 -19 0 
-16 -20 0 
-16 -21 0 
-16 -22 0 
-16 -23 0 
-16 -24 0 
-16 -30 0 
-16 -32 0 
-16 -37 0 
-16 -40 0 
-16 -44 0 
-16 -48 0 
-17 -1 0 
-17 -3 0 
-17 -5 0 
-17 -9 0 
-17 -10 0 
-17 -11 0 
-17 -15 0 
-17 -16 0 
-17 -18 0 
-17 -19 0 
-17 -20 0 
-17 -21 0 
-17 -23 0 
-17 -24 0 
-17 -25 0 
-17 -29 0 
-17 -31 0 
-17 -33 0 
-17 -38 0 
-17 -41 0 
-17 -45 0 
-17 -49 0 
-18 -2 0 
-18 -4 0 
-18 -6 0 
-18 -10 0 
-18 -11 0 
-18 -12 0 
-18 -15 0 
-18 -16 0 
-18 -17 0 
-18 -19 0 
-18 -20 0 
-18 -21 0 
-18 -24 0 
-18 -25 0 
-18 -26 0 
-18 -30 0 
-18 -32 0 
-18 -34 0 
-18 -36 0 
-18 -39 0 
-18 -42 0 
-18 -46 0 
-19 -3 0 
-19 -5 0 
-19 -7 0 
-19 -11 0 
-19 -12 0 
-19 -13 0 
-19 -15 0 
-19 -16 0 
-19 -17 0 
-19 -18 0 
-19 -20 0 
-19 -21 0 
-19 -25 0 
-19 -26 0 
-19 -27 0 
-19 -31 0 
-19 -33 0 
-19 -35 0 
-19 -37 0 
-19 -40 0 
-19 -43 0 
-19 -47 0 
-20 -4 0 
-20 -6 0 
-20 -12 0 
-20 -13 0 
-20 -14 0 
-20 -15 0 
-20 -16 0 
-20 -17 0 
-20 -18 0 
-20 -19 0 
-20 -21 0 
-20 -26 0 
-20 -27 0 
-20 -28 0 
-20 -32 0 
-20 -34 0 
-20 -38 0 
-20 -41 0 
-20 -44 0 
-20 -48 0 
-21 -5 0 
-21 -7 0 
-21 -13 0 
-21 -14 0 
-21 -15 0 
-21 -16 0 
-21 -17 0 
-21 -18 0 
-21 -19 0 
-21 -20 0 
-21 -27 0 
-21 -28 0 
-21 -33 0 
-21 -35 0 
-21 -39 0 
-21 -42 0 
-21 -45 0 
-21 -49 0 
-22 -1 0 
-22 -4 0 
-22 -8 0 
-22 -10 0 
-22 -15 0 
-22 -16 0 
-22 -23 0 
-22 -24 0 
-22 -25 0 
-22 -26 0 
-22 -27 0 
-22 -28 0 
-22 -29 0 
-22 -30 0 
-22 -36 0 
-22 -38 0 
-22 -43 0 
-22 -46 0 
-23 -2 0 
-23 -5 0 
-23 -9 0 
-23 -11 0 
-23 -15 0 
-23 -16 0 
-23 -17 0 
-23 -22 0 
-23 -24 0 
-23 -25 0 
-23 -26 0 
-23 -27 0 
-23 -28 0 
-23 -29 0 
-23 -30 0 
-23 -31 0 
-23 -37 0 
-23 -39 0 
-23 -44 0 
-23 -47 0 
-24 -3 0 
-24 -6 0 
-24 -8 0 
-24 -10 0 
-24 -12 0 
-24 -16 0 
-24 -17 0 
-24 -18 0 
-24 -22 0 
-24 -23 0 
-24 -25 0 
-24 -26 0 
-24 -27 0 
-24 -28 0 
-24 -30 0 
-24 -31 0 
-24 -32 0 
-24 -36 0 
-24 -38 0 
-24 -40 0 
-24 -45 0 
-24 -48 0 
-25 -1 0 
-25 -4 0 
-25 -7 0 
-25 -9 0 
-25 -11 0 
-25 -13 0 
-25 -17 0 
-25 -18 0 
-25 -19 0 
-25 -22 0 
-25 -23 0 
-25 -24 0 
-25 -26 0 
-25 -27 0 
-25 -28 0 
-25 -31 0 
-25 -32 0 
-25 -33 0 
-25 -37 0 
-25 -39 0 
-25 -41 0 
-25 -43 0 
-25 -46 0 
-25 -49 0 
-26 -2 0 
-26 -5 0 
-26 -10 0 
-26 -12 0 
-26 -14 0 
-26 -18 0 
-26 -19 0 
-26 -20 0 
-26 -22 0 
-26 -23 0 
-26 -24 0 
-26 -25 0 
-26 -27 0 
-26 -28 0 
-26 -32 0 
-26 -33 0 
-26 -34 0 
-26 -38 0 
-26 -40 0 
-26 -42 0 
-26 -44 0 
-26 -47 0 
-27 -3 0 
-27 -6 0 
-27 -11 0 
-27 -13 0 
-27 -19 0 
-27 -20 0 
-27 -21 0 
-27 -22 0 
-27 -23 0 
-27 -24 0 
-27 -25 0 
-27 -26 0 
-27 -28 0 
-27 -33 0 
-27 -34 0 
-27 -35 0 
-27 -39 0 
-27 -41 0 
-27 -45 0 
-27 -48 0 
-28 -4 0 
-28 -7 0 
-28 -12 0 
-28 -14 0 
-28 -20 0 
-28 -21 0 
-28 -22 0 
-28 -23 0 
-28 -24 0 
-28 -25 0 
-28 -26 0 
-28 -27 0 
-28 -34 0 
-28 -35 0 
-28 -40 0 
-28 -42 0 
-28 -46 0 
-28 -49 0 
-29 -1 0 
-29 -5 0 
-29 -8 0 
-29 -11 0 
-29 -15 0 
-29 -17 0 
-29 -22 0 
-29 -23 0 
-29 -30 0 
-29 -31 0 
-29 -32 0 
-29 -33 0 
-29 -34 0 
-29 -35 0 
-29 -36 0 
-29 -37 0 
-29 -43 0 
-29 -45 0 
-30 -2 0 
-30 -6 0 
-30 -9 0 
-30 -12 0 
-30 -16 0 
-30 -18 0 
-30 -22 0 
-30 -23 0 
-30 -24 0 
-30 -29 0 
-30 -31 0 
-30 -32 0 
-30 -33 0 
-30 -34 0 
-30 -35 0 
-30 -36 0 
-30 -37 0 
-30 -38 0 
-30 -44 0 
-30 -46 0 
-31 -3 0 
-31 -7 0 
-31 -10 0 
-31 -13 0 
-31 -15 0 
-31 -17 0 
-31 -19 0 
-31 -23 0 
-31 -24 0 
-31 -25 0 
-31 -29 0 
-31 -30 0 
-31 -32 0 
-31 -33 0 
-31 -34 0 
-31 -35 0 
-31 -37 0 
-31 -38 0 
-31 -39 0 
-31 -43 0 
-31 -45 0 
-31 -47 0 
-32 -4 0 
-32 -8 0 
-32 -11 0 
-32 -14 0 
-32 -16 0 
-32 -18 0 
-32 -20 0 
-32 -24 0 
-32 -25 0 
-32 -26 0 
-32 -29 0 
-32 -30 0 
-32 -31 0 
-32 -33 0 
-32 -34 0 
-32 -35 0 
-32 -38 0 
-32 -39 0 
-32 -40 0 
-32 -44 0 
-32 -46 0 
-32 -48 0 
-33 -1 0 
-33 -5 0 
-33 -9 0 
-33 -12 0 
-33 -17 0 
-33 -19 0 
-33 -21 0 
-33 -25 0 
-33 -26 0 
-33 -27 0 
-33 -29 0 
-33 -30 0 
-33 -31 0 
-33 -32 0 
-33 -34 0 
-33 -35 0 
-33 -39 0 
-33 -40 0 
-33 -41 0 
-33 -45 0 
-33 -47 0 
-33 -49 0 
-34 -2 0 
-34 -6 0 
-34 -10 0 
-34 -13 0 
-34 -18 0 
-34 -20 0 
-34 -26 0 
-34 -27 0 
-34 -28 0 
-34 -29 0 
-34 -30 0 
-34 -31 0 
-34 -32 0 
-34 -33 0 
-34 -35 0 
-34 -40 0 
-34 -41 0 
-34 -42 0 
-34 -46 0 
-34 -48 0 
-35 -3 0 
-35 -7 0 
-35 -11 0 
-35 -14 0 
-35 -19 0 
-35 -21 0 
-35 -27 0 
-35 -28 0 
-35 -29 0 
-35 -30 0 
-35 -31 0 
-35 -32 0 
-35 -33 0 
-35 -34 0 
-35 -41 0 
-35 -42 0 
-35 -47 0 
-35 -49 0 
-36 -1 0 
-36 -6 0 
-36 -8 0 
-36 -12 0 
-36 -15 0 
-36 -18 0 
-36 -22 0 
-36 -24 0 
-36 -29 0 
-36 -30 0 
-36 -37 0 
-36 -38 0 
-36 -39 0 
-36 -40 0 
-36 -41 0 
-36 -42 0 
-36 -43 0 
-36 -44 0 
-37 -2 0 
-37 -7 0 
-37 -9 0 
-37 -13 0 
-37 -16 0 
-37 -19 0 
-37 -23 0 
-37 -25 0 
-37 -29 0 
-37 -30 0 
-37 -31 0 
-37 -36 0 
-37 -38 0 
-37 -39 0 
-37 -40 0 
-37 -41 0 
-37 -42 0 
-37 -43 0 
-37 -44 0 
-37 -45 0 
-38 -3 0 
-38 -10 0 
-38 -14 0 
-38 -17 0 
-38 -20 0 
-38 -22 0 
-38 -24 0 
-38 -26 0 
-38 -30 0 
-38 -31 0 
-38 -32 0 
-38 -36 0 
-38 -37 0 
-38 -39 0 
-38 -40 0 
-38 -41 0 
-38 -42 0 
-38 -44 0 
-38 -45 0 
-38 -46 0 
-39 -4 0 
-39 -11 0 
-39 -15 0 
-39 -18 0 
-39 -21 0 
-39 -23 0 
-39 -25 0 
-39 -27 0 
-39 -31 0 
-39 -32 0 
-39 -33 0 
-39 -36 0 
-39 -37 0 
-39 -38 0 
-39 -40 0 
-39 -41 0 
-39 -42 0 
-39 -45 0 
-39 -46 0 
-39 -47 0 
-40 -5 0 
-40 -8 0 
-40 -12 0 
-40 -16 0 
-40 -19 0 
-40 -24 0 
-40 -26 0 
-40 -28 0 
-40 -32 0 
-40 -33 0 
-40 -34 0 
-40 -36 0 
-40 -37 0 
-40 -38 0 
-40 -39 0 
-40 -41 0 
-40 -42 0 
-40 -46 0 
-40 -47 0 
-40 -48 0 
-41 -1 0 
-41 -6 0 
-41 -9 0 
-41 -13 0 
-41 -17 0 
-41 -20 0 
-41 -25 0 
-41 -27 0 
-41 -33 0 
-41 -34 0 
-41 -35 0 
-41 -36 0 
-41 -37 0 
-41 -38 0 
-41 -39 0 
-41 -40 0 
-41 -42 0 
-41 -47 0 
-41 -48 0 
-41 -49 0 
-42 -2 0 
-42 -7 0 
-42 -10 0 
-42 -14 0 
-42 -18 0 
-42 -21 0 
-42 -26 0 
-42 -28 0 
-42 -34 0 
-42 -35 0 
-42 -36 0 
-42 -37 0 
-42 -38 0 
-42 -39 0 
-42 -40 0 
-42 -41 0 
-42 -48 0 
-42 -49 0 
-43 -1 0 
-43 -7 0 
-43 -8 0 
-43 -13 0 
-43 -15 0 
-43 -19 0 
-43 -22 0 
-43 -25 0 
-43 -29 0 
-43 -31 0 
-43 -36 0 
-43 -37 0 
-43 -44 0 
-43 -45 0 
-43 -46 0 
-43 -47 0 
-43 -48 0 
-43 -49 0 
-44 -2 0 
-44 -9 0 
-44 -14 0 
-44 -16 0 
-44 -20 0 
-44 -23 0 
-44 -26 0 
-44 -30 0 
-44 -32 0 
-44 -36 0 
-44 -37 0 
-44 -38 0 
-44 -43 0 
-44 -45 0 
-44 -46 0 
-44 -47 0 
-44 -48 0 
-44 -49 0 
-45 -3 0 
-45 -10 0 
-45 -17 0 
-45 -21 0 
-45 -24 0 
-45 -27 0 
-45 -29 0 
-45 -31 0 
-45 -33 0 
-45 -37 0 
-45 -38 0 
-45 -39 0 
-45 -43 0 
-45 -44 0 
-45 -46 0 
-45 -47 0 
-45 -48 0 
-45 -49 0 
-46 -4 0 
-46 -11 0 
-46 -18 0 
-46 -22 0 
-46 -25 0 
-46 -28 0 
-46 -30 0 
-46 -32 0 
-46 -34 0 
-46 -38 0 
-46 -39 0 
-46 -40 0 
-46 -43 0 
-46 -44 0 
-46 -45 0 
-46 -47 0 
-46 -48 0 
-46 -49 0 
-47 -5 0 
-47 -12 0 
-47 -15 0 
-47 -19 0 
-47 -23 0 
-47 -26 0 
-47 -31 0 
-47 -33 0 
-47 -35 0 
-47 -39 0 
-47 -40 0 
-47 -41 0 
-47 -43 0 
-47 -44 0 
-47 -45 0 
-47 -46 0 
-47 -48 0 
-47 -49 0 
-48 -6 0 
-48 -8 0 
-48 -13 0 
-48 -16 0 
-48 -20 0 
-48 -24 0 
-48 -27 0 
-48 -32 0 
-48 -34 0 
-48 -40 0 
-48 -41 0 
-48 -42 0 
-48 -43 0 
-48 -44 0 
-48 -45 0 
-48 -46 0 
-48 -47 0 
-48 -49 0 
-49 -1 0 
-49 -7 0 
-49 -9 0 
-49 -14 0 
-49 -17 0 
-49 -21 0 
-49 -25 0 
-49 -28 0 
-49 -33 0 
-49 -35 0 
-49 -41 0 
-49 -42 0 
-49 -43 0 
-49 -44 0 
-49 -45 0 
-49 -46 0 
-49 -47 0 
-49 -48 0 
