p cnf 81 2121 
1 2 3 4 5 6 7 8 9 0 
10 11 12 13 14 15 16 17 18 0 
19 20 21 22 23 24 25 26 27 0 
28 29 30 31 32 33 34 35 36 0 
37 38 39 40 41 42 43 44 45 0 
46 47 48 49 50 51 52 53 54 0 
55 56 57 58 59 60 61 62 63 0 
64 65 66 67 68 69 70 71 72 0 
73 74 75 76 77 78 79 80 81 0 
-1 -2 0 
-1 -3 0 
-1 -4 0 
-1 -5 0 
-1 -6 0 
-1 -7 0 
-1 -8 0 
-1 -9 0 
-1 -10 0 
-1 -11 0 
-1 -19 0 
-1 -21 0 
-1 -28 0 
-1 -31 0 
-1 -37 0 
-1 -41 0 
-1 -46 0 
-1 -51 0 
-1 -55 0 
-1 -61 0 
-1 -64 0 
-1 -71 0 
-1 -73 0 
-1 -81 0 
-2 -1 0 
-2 -3 0 
-2 -4 0 
-2 -5 0 
-2 -6 0 
-2 -7 0 
-2 -8 0 
-2 -9 0 
-2 -10 0 
-2 -11 0 
-2 -12 0 
-2 -20 0 
-2 -22 0 
-2 -29 0 
-2 -32 0 
-2 -38 0 
-2 -42 0 
-2 -47 0 
-2 -52 0 
-2 -56 0 
-2 -62 0 
-2 -65 0 
-2 -72 0 
-2 -74 0 
-3 -1 0 
-3 -2 0 
-3 -4 0 
-3 -5 0 
-3 -6 0 
-3 -7 0 
-3 -8 0 
-3 -9 0 
-3 -11 0 
-3 -12 0 
-3 -13 0 
-3 -19 0 
-3 -21 0 
-3 -23 0 
-3 -30 0 
-3 -33 0 
-3 -39 0 
-3 -43 0 
-3 -48 0 
-3 -53 0 
-3 -57 0 
-3 -63 0 
-3 -66 0 
-3 -75 0 
-4 -1 0 
-4 -2 0 
-4 -3 0 
-4 -5 0 
-4 -6 0 
-4 -7 0 
-4 -8 0 
-4 -9 0 
-4 -12 0 
-4 -13 0 
-4 -14 0 
-4 -20 0 
-4 -22 0 
-4 -24 0 
-4 -28 0 
-4 -31 0 
-4 -34 0 
-4 -40 0 
-4 -44 0 
-4 -49 0 
-4 -54 0 
-4 -58 0 
-4 -67 0 
-4 -76 0 
-5 -1 0 
-5 -2 0 
-5 -3 0 
-5 -4 0 
-5 -6 0 
-5 -7 0 
-5 -8 0 
-5 -9 0 
-5 -13 0 
-5 -14 0 
-5 -15 0 
-5 -21 0 
-5 -23 0 
-5 -25 0 
-5 -29 0 
-5 -32 0 
-5 -35 0 
-5 -37 0 
-5 -41 0 
-5 -45 0 
-5 -50 0 
-5 -59 0 
-5 -68 0 
-5 -77 0 
-6 -1 0 
-6 -2 0 
-6 -3 0 
-6 -4 0 
-6 -5 0 
-6 -7 0 
-6 -8 0 
-6 -9 0 
-6 -14 0 
-6 -15 0 
-6 -16 0 
-6 -22 0 
-6 -24 0 
-6 -26 0 
-6 -30 0 
-6 -33 0 
-6 -36 0 
-6 -38 0 
-6 -42 0 
-6 -46 0 
-6 -51 0 
-6 -60 0 
-6 -69 0 
-6 -78 0 
-7 -1 0 
-7 -2 0 
-7 -3 0 
-7 -4 0 
-7 -5 0 
-7 -6 0 
-7 -8 0 
-7 -9 0 
-7 -15 0 
-7 -16 0 
-7 -17 0 
-7 -23 0 
-7 -25 0 
-7 -27 0 
-7 -31 0 
-7 -34 0 
-7 -39 0 
-7 -43 0 
-7 -47 0 
-7 -52 0 
-7 -55 0 
-7 -61 0 
-7 -70 0 
-7 -79 0 
-8 -1 0 
-8 -2 0 
-8 -3 0 
-8 -4 0 
-8 -5 0 
-8 -6 0 
-8 -7 0 
-8 -9 0 
-8 -16 0 
-8 -17 0 
-8 -18 0 
-8 -24 0 
-8 -26 0 
-8 -32 0 
-8 -35 0 
-8 -40 0 
-8 -44 0 
-8 -48 0 
-8 -53 0 
-8 -56 0 
-8 -62 0 
-8 -64 0 
-8 -71 0 
-8 -80 0 
-9 -1 0 
-9 -2 0 
-9 -3 0 
-9 -4 0 
-9 -5 0 
-9 -6 0 
-9 -7 0 
-9 -8 0 
-9 -17 0 
-9 -18 0 
-9 -25 0 
-9 -27 0 
-9 -33 0 
-9 -36 0 
-9 -41 0 
-9 -45 0 
-9 -49 0 
-9 -54 0 
-9 -57 0 
-9 -63 0 
-9 -65 0 
-9 -72 0 
-9 -73 0 
-9 -81 0 
-10 -1 0 
-10 -2 0 
-10 -11 0 
-10 -12 0 
-10 -13 0 
-10 -14 0 
-10 -15 0 
-10 -16 0 
-10 -17 0 
-10 -18 0 
-10 -19 0 
-10 -20 0 
-10 -28 0 
-10 -30 0 
-10 -37 0 
-10 -40 0 
-10 -46 0 
-10 -50 0 
-10 -55 0 
-10 -60 0 
-10 -64 0 
-10 -70 0 
-10 -73 0 
-10 -80 0 
-11 -1 0 
-11 -2 0 
-11 -3 0 
-11 -10 0 
-11 -12 0 
-11 -13 0 
-11 -14 0 
-11 -15 0 
-11 -16 0 
-11 -17 0 
-11 -18 0 
-11 -19 0 
-11 -20 0 
-11 -21 0 
-11 -29 0 
-11 -31 0 
-11 -38 0 
-11 -41 0 
-11 -47 0 
-11 -51 0 
-11 -56 0 
-11 -61 0 
-11 -65 0 
-11 -71 0 
-11 -74 0 
-11 -81 0 
-12 -2 0 
-12 -3 0 
-12 -4 0 
-12 -10 0 
-12 -11 0 
-12 -13 0 
-12 -14 0 
-12 -15 0 
-12 -16 0 
-12 -17 0 
-12 -18 0 
-12 -20 0 
-12 -21 0 
-12 -22 0 
-12 -28 0 
-12 -30 0 
-12 -32 0 
-12 -39 0 
-12 -42 0 
-12 -48 0 
-12 -52 0 
-12 -57 0 
-12 -62 0 
-12 -66 0 
-12 -72 0 
-12 -75 0 
-13 -3 0 
-13 -4 0 
-13 -5 0 
-13 -10 0 
-13 -11 0 
-13 -12 0 
-13 -14 0 
-13 -15 0 
-13 -16 0 
-13 -17 0 
-13 -18 0 
-13 -21 0 
-13 -22 0 
-13 -23 0 
-13 -29 0 
-13 -31 0 
-13 -33 0 
-13 -37 0 
-13 -40 0 
-13 -43 0 
-13 -49 0 
-13 -53 0 
-13 -58 0 
-13 -63 0 
-13 -67 0 
-13 -76 0 
-14 -4 0 
-14 -5 0 
-14 -6 0 
-14 -10 0 
-14 -11 0 
-14 -12 0 
-14 -13 0 
-14 -15 0 
-14 -16 0 
-14 -17 0 
-14 -18 0 
-14 -22 0 
-14 -23 0 
-14 -24 0 
-14 -30 0 
-14 -32 0 
-14 -34 0 
-14 -38 0 
-14 -41 0 
-14 -44 0 
-14 -46 0 
-14 -50 0 
-14 -54 0 
-14 -59 0 
-14 -68 0 
-14 -77 0 
-15 -5 0 
-15 -6 0 
-15 -7 0 
-15 -10 0 
-15 -11 0 
-15 -12 0 
-15 -13 0 
-15 -14 0 
-15 -16 0 
-15 -17 0 
-15 -18 0 
-15 -23 0 
-15 -24 0 
-15 -25 0 
-15 -31 0 
-15 -33 0 
-15 -35 0 
-15 -39 0 
-15 -42 0 
-15 -45 0 
-15 -47 0 
-15 -51 0 
-15 -55 0 
-15 -60 0 
-15 -69 0 
-15 -78 0 
-16 -6 0 
-16 -7 0 
-16 -8 0 
-16 -10 0 
-16 -11 0 
-16 -12 0 
-16 -13 0 
-16 -14 0 
-16 -15 0 
-16 -17 0 
-16 -18 0 
-16 -24 0 
-16 -25 0 
-16 -26 0 
-16 -32 0 
-16 -34 0 
-16 -36 0 
-16 -40 0 
-16 -43 0 
-16 -48 0 
-16 -52 0 
-16 -56 0 
-16 -61 0 
-16 -64 0 
-16 -70 0 
-16 -79 0 
-17 -7 0 
-17 -8 0 
-17 -9 0 
-17 -10 0 
-17 -11 0 
-17 -12 0 
-17 -13 0 
-17 -14 0 
-17 -15 0 
-17 -16 0 
-17 -18 0 
-17 -25 0 
-17 -26 0 
-17 -27 0 
-17 -33 0 
-17 -35 0 
-17 -41 0 
-17 -44 0 
-17 -49 0 
-17 -53 0 
-17 -57 0 
-17 -62 0 
-17 -65 0 
-17 -71 0 
-17 -73 0 
-17 -80 0 
-18 -8 0 
-18 -9 0 
-18 -10 0 
-18 -11 0 
-18 -12 0 
-18 -13 0 
-18 -14 0 
-18 -15 0 
-18 -16 0 
-18 -17 0 
-18 -26 0 
-18 -27 0 
-18 -34 0 
-18 -36 0 
-18 -42 0 
-18 -45 0 
-18 -50 0 
-18 -54 0 
-18 -58 0 
-18 -63 0 
-18 -66 0 
-18 -72 0 
-18 -74 0 
-18 -81 0 
-19 -1 0 
-19 -3 0 
-19 -10 0 
-19 -11 0 
-19 -20 0 
-19 -21 0 
-19 -22 0 
-19 -23 0 
-19 -24 0 
-19 -25 0 
-19 -26 0 
-19 -27 0 
-19 -28 0 
-19 -29 0 
-19 -37 0 
-19 -39 0 
-19 -46 0 
-19 -49 0 
-19 -55 0 
-19 -59 0 
-19 -64 0 
-19 -69 0 
-19 -73 0 
-19 -79 0 
-20 -2 0 
-20 -4 0 
-20 -10 0 
-20 -11 0 
-20 -12 0 
-20 -19 0 
-20 -21 0 
-20 -22 0 
-20 -23 0 
-20 -24 0 
-20 -25 0 
-20 -26 0 
-20 -27 0 
-20 -28 0 
-20 -29 0 
-20 -30 0 
-20 -38 0 
-20 -40 0 
-20 -47 0 
-20 -50 0 
-20 -56 0 
-20 -60 0 
-20 -65 0 
-20 -70 0 
-20 -74 0 
-20 -80 0 
-21 -1 0 
-21 -3 0 
-21 -5 0 
-21 -11 0 
-21 -12 0 
-21 -13 0 
-21 -19 0 
-21 -20 0 
-21 -22 0 
-21 -23 0 
-21 -24 0 
-21 -25 0 
-21 -26 0 
-21 -27 0 
-21 -29 0 
-21 -30 0 
-21 -31 0 
-21 -37 0 
-21 -39 0 
-21 -41 0 
-21 -48 0 
-21 -51 0 
-21 -57 0 
-21 -61 0 
-21 -66 0 
-21 -71 0 
-21 -75 0 
-21 -81 0 
-22 -2 0 
-22 -4 0 
-22 -6 0 
-22 -12 0 
-22 -13 0 
-22 -14 0 
-22 -19 0 
-22 -20 0 
-22 -21 0 
-22 -23 0 
-22 -24 0 
-22 -25 0 
-22 -26 0 
-22 -27 0 
-22 -30 0 
-22 -31 0 
-22 -32 0 
-22 -38 0 
-22 -40 0 
-22 -42 0 
-22 -46 0 
-22 -49 0 
-22 -52 0 
-22 -58 0 
-22 -62 0 
-22 -67 0 
-22 -72 0 
-22 -76 0 
-23 -3 0 
-23 -5 0 
-23 -7 0 
-23 -13 0 
-23 -14 0 
-23 -15 0 
-23 -19 0 
-23 -20 0 
-23 -21 0 
-23 -22 0 
-23 -24 0 
-23 -25 0 
-23 -26 0 
-23 -27 0 
-23 -31 0 
-23 -32 0 
-23 -33 0 
-23 -39 0 
-23 -41 0 
-23 -43 0 
-23 -47 0 
-23 -50 0 
-23 -53 0 
-23 -55 0 
-23 -59 0 
-23 -63 0 
-23 -68 0 
-23 -77 0 
-24 -4 0 
-24 -6 0 
-24 -8 0 
-24 -14 0 
-24 -15 0 
-24 -16 0 
-24 -19 0 
-24 -20 0 
-24 -21 0 
-24 -22 0 
-24 -23 0 
-24 -25 0 
-24 -26 0 
-24 -27 0 
-24 -32 0 
-24 -33 0 
-24 -34 0 
-24 -40 0 
-24 -42 0 
-24 -44 0 
-24 -48 0 
-24 -51 0 
-24 -54 0 
-24 -56 0 
-24 -60 0 
-24 -64 0 
-24 -69 0 
-24 -78 0 
-25 -5 0 
-25 -7 0 
-25 -9 0 
-25 -15 0 
-25 -16 0 
-25 -17 0 
-25 -19 0 
-25 -20 0 
-25 -21 0 
-25 -22 0 
-25 -23 0 
-25 -24 0 
-25 -26 0 
-25 -27 0 
-25 -33 0 
-25 -34 0 
-25 -35 0 
-25 -41 0 
-25 -43 0 
-25 -45 0 
-25 -49 0 
-25 -52 0 
-25 -57 0 
-25 -61 0 
-25 -65 0 
-25 -70 0 
-25 -73 0 
-25 -79 0 
-26 -6 0 
-26 -8 0 
-26 -16 0 
-26 -17 0 
-26 -18 0 
-26 -19 0 
-26 -20 0 
-26 -21 0 
-26 -22 0 
-26 -23 0 
-26 -24 0 
-26 -25 0 
-26 -27 0 
-26 -34 0 
-26 -35 0 
-26 -36 0 
-26 -42 0 
-26 -44 0 
-26 -50 0 
-26 -53 0 
-26 -58 0 
-26 -62 0 
-26 -66 0 
-26 -71 0 
-26 -74 0 
-26 -80 0 
-27 -7 0 
-27 -9 0 
-27 -17 0 
-27 -18 0 
-27 -19 0 
-27 -20 0 
-27 -21 0 
-27 -22 0 
-27 -23 0 
-27 -24 0 
-27 -25 0 
-27 -26 0 
-27 -35 0 
-27 -36 0 
-27 -43 0 
-27 -45 0 
-27 -51 0 
-27 -54 0 
-27 -59 0 
-27 -63 0 
-27 -67 0 
-27 -72 0 
-27 -75 0 
-27 -81 0 
-28 -1 0 
-28 -4 0 
-28 -10 0 
-28 -12 0 
-28 -19 0 
-28 -20 0 
-28 -29 0 
-28 -30 0 
-28 -31 0 
-28 -32 0 
-28 -33 0 
-28 -34 0 
-28 -35 0 
-28 -36 0 
-28 -37 0 
-28 -38 0 
-28 -46 0 
-28 -48 0 
-28 -55 0 
-28 -58 0 
-28 -64 0 
-28 -68 0 
-28 -73 0 
-28 -78 0 
-29 -2 0 
-29 -5 0 
-29 -11 0 
-29 -13 0 
-29 -19 0 
-29 -20 0 
-29 -21 0 
-29 -28 0 
-29 -30 0 
-29 -31 0 
-29 -32 0 
-29 -33 0 
-29 -34 0 
-29 -35 0 
-29 -36 0 
-29 -37 0 
-29 -38 0 
-29 -39 0 
-29 -47 0 
-29 -49 0 
-29 -56 0 
-29 -59 0 
-29 -65 0 
-29 -69 0 
-29 -74 0 
-29 -79 0 
-30 -3 0 
-30 -6 0 
-30 -10 0 
-30 -12 0 
-30 -14 0 
-30 -20 0 
-30 -21 0 
-30 -22 0 
-30 -28 0 
-30 -29 0 
-30 -31 0 
-30 -32 0 
-30 -33 0 
-30 -34 0 
-30 -35 0 
-30 -36 0 
-30 -38 0 
-30 -39 0 
-30 -40 0 
-30 -46 0 
-30 -48 0 
-30 -50 0 
-30 -57 0 
-30 -60 0 
-30 -66 0 
-30 -70 0 
-30 -75 0 
-30 -80 0 
-31 -1 0 
-31 -4 0 
-31 -7 0 
-31 -11 0 
-31 -13 0 
-31 -15 0 
-31 -21 0 
-31 -22 0 
-31 -23 0 
-31 -28 0 
-31 -29 0 
-31 -30 0 
-31 -32 0 
-31 -33 0 
-31 -34 0 
-31 -35 0 
-31 -36 0 
-31 -39 0 
-31 -40 0 
-31 -41 0 
-31 -47 0 
-31 -49 0 
-31 -51 0 
-31 -55 0 
-31 -58 0 
-31 -61 0 
-31 -67 0 
-31 -71 0 
-31 -76 0 
-31 -81 0 
-32 -2 0 
-32 -5 0 
-32 -8 0 
-32 -12 0 
-32 -14 0 
-32 -16 0 
-32 -22 0 
-32 -23 0 
-32 -24 0 
-32 -28 0 
-32 -29 0 
-32 -30 0 
-32 -31 0 
-32 -33 0 
-32 -34 0 
-32 -35 0 
-32 -36 0 
-32 -40 0 
-32 -41 0 
-32 -42 0 
-32 -48 0 
-32 -50 0 
-32 -52 0 
-32 -56 0 
-32 -59 0 
-32 -62 0 
-32 -64 0 
-32 -68 0 
-32 -72 0 
-32 -77 0 
-33 -3 0 
-33 -6 0 
-33 -9 0 
-33 -13 0 
-33 -15 0 
-33 -17 0 
-33 -23 0 
-33 -24 0 
-33 -25 0 
-33 -28 0 
-33 -29 0 
-33 -30 0 
-33 -31 0 
-33 -32 0 
-33 -34 0 
-33 -35 0 
-33 -36 0 
-33 -41 0 
-33 -42 0 
-33 -43 0 
-33 -49 0 
-33 -51 0 
-33 -53 0 
-33 -57 0 
-33 -60 0 
-33 -63 0 
-33 -65 0 
-33 -69 0 
-33 -73 0 
-33 -78 0 
-34 -4 0 
-34 -7 0 
-34 -14 0 
-34 -16 0 
-34 -18 0 
-34 -24 0 
-34 -25 0 
-34 -26 0 
-34 -28 0 
-34 -29 0 
-34 -30 0 
-34 -31 0 
-34 -32 0 
-34 -33 0 
-34 -35 0 
-34 -36 0 
-34 -42 0 
-34 -43 0 
-34 -44 0 
-34 -50 0 
-34 -52 0 
-34 -54 0 
-34 -58 0 
-34 -61 0 
-34 -66 0 
-34 -70 0 
-34 -74 0 
-34 -79 0 
-35 -5 0 
-35 -8 0 
-35 -15 0 
-35 -17 0 
-35 -25 0 
-35 -26 0 
-35 -27 0 
-35 -28 0 
-35 -29 0 
-35 -30 0 
-35 -31 0 
-35 -32 0 
-35 -33 0 
-35 -34 0 
-35 -36 0 
-35 -43 0 
-35 -44 0 
-35 -45 0 
-35 -51 0 
-35 -53 0 
-35 -59 0 
-35 -62 0 
-35 -67 0 
-35 -71 0 
-35 -75 0 
-35 -80 0 
-36 -6 0 
-36 -9 0 
-36 -16 0 
-36 -18 0 
-36 -26 0 
-36 -27 0 
-36 -28 0 
-36 -29 0 
-36 -30 0 
-36 -31 0 
-36 -32 0 
-36 -33 0 
-36 -34 0 
-36 -35 0 
-36 -44 0 
-36 -45 0 
-36 -52 0 
-36 -54 0 
-36 -60 0 
-36 -63 0 
-36 -68 0 
-36 -72 0 
-36 -76 0 
-36 -81 0 
-37 -1 0 
-37 -5 0 
-37 -10 0 
-37 -13 0 
-37 -19 0 
-37 -21 0 
-37 -28 0 
-37 -29 0 
-37 -38 0 
-37 -39 0 
-37 -40 0 
-37 -41 0 
-37 -42 0 
-37 -43 0 
-37 -44 0 
-37 -45 0 
-37 -46 0 
-37 -47 0 
-37 -55 0 
-37 -57 0 
-37 -64 0 
-37 -67 0 
-37 -73 0 
-37 -77 0 
-38 -2 0 
-38 -6 0 
-38 -11 0 
-38 -14 0 
-38 -20 0 
-38 -22 0 
-38 -28 0 
-38 -29 0 
-38 -30 0 
-38 -37 0 
-38 -39 0 
-38 -40 0 
-38 -41 0 
-38 -42 0 
-38 -43 0 
-38 -44 0 
-38 -45 0 
-38 -46 0 
-38 -47 0 
-38 -48 0 
-38 -56 0 
-38 -58 0 
-38 -65 0 
-38 -68 0 
-38 -74 0 
-38 -78 0 
-39 -3 0 
-39 -7 0 
-39 -12 0 
-39 -15 0 
-39 -19 0 
-39 -21 0 
-39 -23 0 
-39 -29 0 
-39 -30 0 
-39 -31 0 
-39 -37 0 
-39 -38 0 
-39 -40 0 
-39 -41 0 
-39 -42 0 
-39 -43 0 
-39 -44 0 
-39 -45 0 
-39 -47 0 
-39 -48 0 
-39 -49 0 
-39 -55 0 
-39 -57 0 
-39 -59 0 
-39 -66 0 
-39 -69 0 
-39 -75 0 
-39 -79 0 
-40 -4 0 
-40 -8 0 
-40 -10 0 
-40 -13 0 
-40 -16 0 
-40 -20 0 
-40 -22 0 
-40 -24 0 
-40 -30 0 
-40 -31 0 
-40 -32 0 
-40 -37 0 
-40 -38 0 
-40 -39 0 
-40 -41 0 
-40 -42 0 
-40 -43 0 
-40 -44 0 
-40 -45 0 
-40 -48 0 
-40 -49 0 
-40 -50 0 
-40 -56 0 
-40 -58 0 
-40 -60 0 
-40 -64 0 
-40 -67 0 
-40 -70 0 
-40 -76 0 
-40 -80 0 
-41 -1 0 
-41 -5 0 
-41 -9 0 
-41 -11 0 
-41 -14 0 
-41 -17 0 
-41 -21 0 
-41 -23 0 
-41 -25 0 
-41 -31 0 
-41 -32 0 
-41 -33 0 
-41 -37 0 
-41 -38 0 
-41 -39 0 
-41 -40 0 
-41 -42 0 
-41 -43 0 
-41 -44 0 
-41 -45 0 
-41 -49 0 
-41 -50 0 
-41 -51 0 
-41 -57 0 
-41 -59 0 
-41 -61 0 
-41 -65 0 
-41 -68 0 
-41 -71 0 
-41 -73 0 
-41 -77 0 
-41 -81 0 
-42 -2 0 
-42 -6 0 
-42 -12 0 
-42 -15 0 
-42 -18 0 
-42 -22 0 
-42 -24 0 
-42 -26 0 
-42 -32 0 
-42 -33 0 
-42 -34 0 
-42 -37 0 
-42 -38 0 
-42 -39 0 
-42 -40 0 
-42 -41 0 
-42 -43 0 
-42 -44 0 
-42 -45 0 
-42 -50 0 
-42 -51 0 
-42 -52 0 
-42 -58 0 
-42 -60 0 
-42 -62 0 
-42 -66 0 
-42 -69 0 
-42 -72 0 
-42 -74 0 
-42 -78 0 
-43 -3 0 
-43 -7 0 
-43 -13 0 
-43 -16 0 
-43 -23 0 
-43 -25 0 
-43 -27 0 
-43 -33 0 
-43 -34 0 
-43 -35 0 
-43 -37 0 
-43 -38 0 
-43 -39 0 
-43 -40 0 
-43 -41 0 
-43 -42 0 
-43 -44 0 
-43 -45 0 
-43 -51 0 
-43 -52 0 
-43 -53 0 
-43 -59 0 
-43 -61 0 
-43 -63 0 
-43 -67 0 
-43 -70 0 
-43 -75 0 
-43 -79 0 
-44 -4 0 
-44 -8 0 
-44 -14 0 
-44 -17 0 
-44 -24 0 
-44 -26 0 
-44 -34 0 
-44 -35 0 
-44 -36 0 
-44 -37 0 
-44 -38 0 
-44 -39 0 
-44 -40 0 
-44 -41 0 
-44 -42 0 
-44 -43 0 
-44 -45 0 
-44 -52 0 
-44 -53 0 
-44 -54 0 
-44 -60 0 
-44 -62 0 
-44 -68 0 
-44 -71 0 
-44 -76 0 
-44 -80 0 
-45 -5 0 
-45 -9 0 
-45 -15 0 
-45 -18 0 
-45 -25 0 
-45 -27 0 
-45 -35 0 
-45 -36 0 
-45 -37 0 
-45 -38 0 
-45 -39 0 
-45 -40 0 
-45 -41 0 
-45 -42 0 
-45 -43 0 
-45 -44 0 
-45 -53 0 
-45 -54 0 
-45 -61 0 
-45 -63 0 
-45 -69 0 
-45 -72 0 
-45 -77 0 
-45 -81 0 
-46 -1 0 
-46 -6 0 
-46 -10 0 
-46 -14 0 
-46 -19 0 
-46 -22 0 
-46 -28 0 
-46 -30 0 
-46 -37 0 
-46 -38 0 
-46 -47 0 
-46 -48 0 
-46 -49 0 
-46 -50 0 
-46 -51 0 
-46 -52 0 
-46 -53 0 
-46 -54 0 
-46 -55 0 
-46 -56 0 
-46 -64 0 
-46 -66 0 
-46 -73 0 
-46 -76 0 
-47 -2 0 
-47 -7 0 
-47 -11 0 
-47 -15 0 
-47 -20 0 
-47 -23 0 
-47 -29 0 
-47 -31 0 
-47 -37 0 
-47 -38 0 
-47 -39 0 
-47 -46 0 
-47 -48 0 
-47 -49 0 
-47 -50 0 
-47 -51 0 
-47 -52 0 
-47 -53 0 
-47 -54 0 
-47 -55 0 
-47 -56 0 
-47 -57 0 
-47 -65 0 
-47 -67 0 
-47 -74 0 
-47 -77 0 
-48 -3 0 
-48 -8 0 
-48 -12 0 
-48 -16 0 
-48 -21 0 
-48 -24 0 
-48 -28 0 
-48 -30 0 
-48 -32 0 
-48 -38 0 
-48 -39 0 
-48 -40 0 
-48 -46 0 
-48 -47 0 
-48 -49 0 
-48 -50 0 
-48 -51 0 
-48 -52 0 
-48 -53 0 
-48 -54 0 
-48 -56 0 
-48 -57 0 
-48 -58 0 
-48 -64 0 
-48 -66 0 
-48 -68 0 
-48 -75 0 
-48 -78 0 
-49 -4 0 
-49 -9 0 
-49 -13 0 
-49 -17 0 
-49 -19 0 
-49 -22 0 
-49 -25 0 
-49 -29 0 
-49 -31 0 
-49 -33 0 
-49 -39 0 
-49 -40 0 
-49 -41 0 
-49 -46 0 
-49 -47 0 
-49 -48 0 
-49 -50 0 
-49 -51 0 
-49 -52 0 
-49 -53 0 
-49 -54 0 
-49 -57 0 
-49 -58 0 
-49 -59 0 
-49 -65 0 
-49 -67 0 
-49 -69 0 
-49 -73 0 
-49 -76 0 
-49 -79 0 
-50 -5 0 
-50 -10 0 
-50 -14 0 
-50 -18 0 
-50 -20 0 
-50 -23 0 
-50 -26 0 
-50 -30 0 
-50 -32 0 
-50 -34 0 
-50 -40 0 
-50 -41 0 
-50 -42 0 
-50 -46 0 
-50 -47 0 
-50 -48 0 
-50 -49 0 
-50 -51 0 
-50 -52 0 
-50 -53 0 
-50 -54 0 
-50 -58 0 
-50 -59 0 
-50 -60 0 
-50 -66 0 
-50 -68 0 
-50 -70 0 
-50 -74 0 
-50 -77 0 
-50 -80 0 
-51 -1 0 
-51 -6 0 
-51 -11 0 
-51 -15 0 
-51 -21 0 
-51 -24 0 
-51 -27 0 
-51 -31 0 
-51 -33 0 
-51 -35 0 
-51 -41 0 
-51 -42 0 
-51 -43 0 
-51 -46 0 
-51 -47 0 
-51 -48 0 
-51 -49 0 
-51 -50 0 
-51 -52 0 
-51 -53 0 
-51 -54 0 
-51 -59 0 
-51 -60 0 
-51 -61 0 
-51 -67 0 
-51 -69 0 
-51 -71 0 
-51 -75 0 
-51 -78 0 
-51 -81 0 
-52 -2 0 
-52 -7 0 
-52 -12 0 
-52 -16 0 
-52 -22 0 
-52 -25 0 
-52 -32 0 
-52 -34 0 
-52 -36 0 
-52 -42 0 
-52 -43 0 
-52 -44 0 
-52 -46 0 
-52 -47 0 
-52 -48 0 
-52 -49 0 
-52 -50 0 
-52 -51 0 
-52 -53 0 
-52 -54 0 
-52 -60 0 
-52 -61 0 
-52 -62 0 
-52 -68 0 
-52 -70 0 
-52 -72 0 
-52 -76 0 
-52 -79 0 
-53 -3 0 
-53 -8 0 
-53 -13 0 
-53 -17 0 
-53 -23 0 
-53 -26 0 
-53 -33 0 
-53 -35 0 
-53 -43 0 
-53 -44 0 
-53 -45 0 
-53 -46 0 
-53 -47 0 
-53 -48 0 
-53 -49 0 
-53 -50 0 
-53 -51 0 
-53 -52 0 
-53 -54 0 
-53 -61 0 
-53 -62 0 
-53 -63 0 
-53 -69 0 
-53 -71 0 
-53 -77 0 
-53 -80 0 
-54 -4 0 
-54 -9 0 
-54 -14 0 
-54 -18 0 
-54 -24 0 
-54 -27 0 
-54 -34 0 
-54 -36 0 
-54 -44 0 
-54 -45 0 
-54 -46 0 
-54 -47 0 
-54 -48 0 
-54 -49 0 
-54 -50 0 
-54 -51 0 
-54 -52 0 
-54 -53 0 
-54 -62 0 
-54 -63 0 
-54 -70 0 
-54 -72 0 
-54 -78 0 
-54 -81 0 
-55 -1 0 
-55 -7 0 
-55 -10 0 
-55 -15 0 
-55 -19 0 
-55 -23 0 
-55 -28 0 
-55 -31 0 
-55 -37 0 
-55 -39 0 
-55 -46 0 
-55 -47 0 
-55 -56 0 
-55 -57 0 
-55 -58 0 
-55 -59 0 
-55 -60 0 
-55 -61 0 
-55 -62 0 
-55 -63 0 
-55 -64 0 
-55 -65 0 
-55 -73 0 
-55 -75 0 
-56 -2 0 
-56 -8 0 
-56 -11 0 
-56 -16 0 
-56 -20 0 
-56 -24 0 
-56 -29 0 
-56 -32 0 
-56 -38 0 
-56 -40 0 
-56 -46 0 
-56 -47 0 
-56 -48 0 
-56 -55 0 
-56 -57 0 
-56 -58 0 
-56 -59 0 
-56 -60 0 
-56 -61 0 
-56 -62 0 
-56 -63 0 
-56 -64 0 
-56 -65 0 
-56 -66 0 
-56 -74 0 
-56 -76 0 
-57 -3 0 
-57 -9 0 
-57 -12 0 
-57 -17 0 
-57 -21 0 
-57 -25 0 
-57 -30 0 
-57 -33 0 
-57 -37 0 
-57 -39 0 
-57 -41 0 
-57 -47 0 
-57 -48 0 
-57 -49 0 
-57 -55 0 
-57 -56 0 
-57 -58 0 
-57 -59 0 
-57 -60 0 
-57 -61 0 
-57 -62 0 
-57 -63 0 
-57 -65 0 
-57 -66 0 
-57 -67 0 
-57 -73 0 
-57 -75 0 
-57 -77 0 
-58 -4 0 
-58 -13 0 
-58 -18 0 
-58 -22 0 
-58 -26 0 
-58 -28 0 
-58 -31 0 
-58 -34 0 
-58 -38 0 
-58 -40 0 
-58 -42 0 
-58 -48 0 
-58 -49 0 
-58 -50 0 
-58 -55 0 
-58 -56 0 
-58 -57 0 
-58 -59 0 
-58 -60 0 
-58 -61 0 
-58 -62 0 
-58 -63 0 
-58 -66 0 
-58 -67 0 
-58 -68 0 
-58 -74 0 
-58 -76 0 
-58 -78 0 
-59 -5 0 
-59 -14 0 
-59 -19 0 
-59 -23 0 
-59 -27 0 
-59 -29 0 
-59 -32 0 
-59 -35 0 
-59 -39 0 
-59 -41 0 
-59 -43 0 
-59 -49 0 
-59 -50 0 
-59 -51 0 
-59 -55 0 
-59 -56 0 
-59 -57 0 
-59 -58 0 
-59 -60 0 
-59 -61 0 
-59 -62 0 
-59 -63 0 
-59 -67 0 
-59 -68 0 
-59 -69 0 
-59 -75 0 
-59 -77 0 
-59 -79 0 
-60 -6 0 
-60 -10 0 
-60 -15 0 
-60 -20 0 
-60 -24 0 
-60 -30 0 
-60 -33 0 
-60 -36 0 
-60 -40 0 
-60 -42 0 
-60 -44 0 
-60 -50 0 
-60 -51 0 
-60 -52 0 
-60 -55 0 
-60 -56 0 
-60 -57 0 
-60 -58 0 
-60 -59 0 
-60 -61 0 
-60 -62 0 
-60 -63 0 
-60 -68 0 
-60 -69 0 
-60 -70 0 
-60 -76 0 
-60 -78 0 
-60 -80 0 
-61 -1 0 
-61 -7 0 
-61 -11 0 
-61 -16 0 
-61 -21 0 
-61 -25 0 
-61 -31 0 
-61 -34 0 
-61 -41 0 
-61 -43 0 
-61 -45 0 
-61 -51 0 
-61 -52 0 
-61 -53 0 
-61 -55 0 
-61 -56 0 
-61 -57 0 
-61 -58 0 
-61 -59 0 
-61 -60 0 
-61 -62 0 
-61 -63 0 
-61 -69 0 
-61 -70 0 
-61 -71 0 
-61 -77 0 
-61 -79 0 
-61 -81 0 
-62 -2 0 
-62 -8 0 
-62 -12 0 
-62 -17 0 
-62 -22 0 
-62 -26 0 
-62 -32 0 
-62 -35 0 
-62 -42 0 
-62 -44 0 
-62 -52 0 
-62 -53 0 
-62 -54 0 
-62 -55 0 
-62 -56 0 
-62 -57 0 
-62 -58 0 
-62 -59 0 
-62 -60 0 
-62 -61 0 
-62 -63 0 
-62 -70 0 
-62 -71 0 
-62 -72 0 
-62 -78 0 
-62 -80 0 
-63 -3 0 
-63 -9 0 
-63 -13 0 
-63 -18 0 
-63 -23 0 
-63 -27 0 
-63 -33 0 
-63 -36 0 
-63 -43 0 
-63 -45 0 
-63 -53 0 
-63 -54 0 
-63 -55 0 
-63 -56 0 
-63 -57 0 
-63 -58 0 
-63 -59 0 
-63 -60 0 
-63 -61 0 
-63 -62 0 
-63 -71 0 
-63 -72 0 
-63 -79 0 
-63 -81 0 
-64 -1 0 
-64 -8 0 
-64 -10 0 
-64 -16 0 
-64 -19 0 
-64 -24 0 
-64 -28 0 
-64 -32 0 
-64 -37 0 
-64 -40 0 
-64 -46 0 
-64 -48 0 
-64 -55 0 
-64 -56 0 
-64 -65 0 
-64 -66 0 
-64 -67 0 
-64 -68 0 
-64 -69 0 
-64 -70 0 
-64 -71 0 
-64 -72 0 
-64 -73 0 
-64 -74 0 
-65 -2 0 
-65 -9 0 
-65 -11 0 
-65 -17 0 
-65 -20 0 
-65 -25 0 
-65 -29 0 
-65 -33 0 
-65 -38 0 
-65 -41 0 
-65 -47 0 
-65 -49 0 
-65 -55 0 
-65 -56 0 
-65 -57 0 
-65 -64 0 
-65 -66 0 
-65 -67 0 
-65 -68 0 
-65 -69 0 
-65 -70 0 
-65 -71 0 
-65 -72 0 
-65 -73 0 
-65 -74 0 
-65 -75 0 
-66 -3 0 
-66 -12 0 
-66 -18 0 
-66 -21 0 
-66 -26 0 
-66 -30 0 
-66 -34 0 
-66 -39 0 
-66 -42 0 
-66 -46 0 
-66 -48 0 
-66 -50 0 
-66 -56 0 
-66 -57 0 
-66 -58 0 
-66 -64 0 
-66 -65 0 
-66 -67 0 
-66 -68 0 
-66 -69 0 
-66 -70 0 
-66 -71 0 
-66 -72 0 
-66 -74 0 
-66 -75 0 
-66 -76 0 
-67 -4 0 
-67 -13 0 
-67 -22 0 
-67 -27 0 
-67 -31 0 
-67 -35 0 
-67 -37 0 
-67 -40 0 
-67 -43 0 
-67 -47 0 
-67 -49 0 
-67 -51 0 
-67 -57 0 
-67 -58 0 
-67 -59 0 
-67 -64 0 
-67 -65 0 
-67 -66 0 
-67 -68 0 
-67 -69 0 
-67 -70 0 
-67 -71 0 
-67 -72 0 
-67 -75 0 
-67 -76 0 
-67 -77 0 
-68 -5 0 
-68 -14 0 
-68 -23 0 
-68 -28 0 
-68 -32 0 
-68 -36 0 
-68 -38 0 
-68 -41 0 
-68 -44 0 
-68 -48 0 
-68 -50 0 
-68 -52 0 
-68 -58 0 
-68 -59 0 
-68 -60 0 
-68 -64 0 
-68 -65 0 
-68 -66 0 
-68 -67 0 
-68 -69 0 
-68 -70 0 
-68 -71 0 
-68 -72 0 
-68 -76 0 
-68 -77 0 
-68 -78 0 
-69 -6 0 
-69 -15 0 
-69 -19 0 
-69 -24 0 
-69 -29 0 
-69 -33 0 
-69 -39 0 
-69 -42 0 
-69 -45 0 
-69 -49 0 
-69 -51 0 
-69 -53 0 
-69 -59 0 
-69 -60 0 
-69 -61 0 
-69 -64 0 
-69 -65 0 
-69 -66 0 
-69 -67 0 
-69 -68 0 
-69 -70 0 
-69 -71 0 
-69 -72 0 
-69 -77 0 
-69 -78 0 
-69 -79 0 
-70 -7 0 
-70 -10 0 
-70 -16 0 
-70 -20 0 
-70 -25 0 
-70 -30 0 
-70 -34 0 
-70 -40 0 
-70 -43 0 
-70 -50 0 
-70 -52 0 
-70 -54 0 
-70 -60 0 
-70 -61 0 
-70 -62 0 
-70 -64 0 
-70 -65 0 
-70 -66 0 
-70 -67 0 
-70 -68 0 
-70 -69 0 
-70 -71 0 
-70 -72 0 
-70 -78 0 
-70 -79 0 
-70 -80 0 
-71 -1 0 
-71 -8 0 
-71 -11 0 
-71 -17 0 
-71 -21 0 
-71 -26 0 
-71 -31 0 
-71 -35 0 
-71 -41 0 
-71 -44 0 
-71 -51 0 
-71 -53 0 
-71 -61 0 
-71 -62 0 
-71 -63 0 
-71 -64 0 
-71 -65 0 
-71 -66 0 
-71 -67 0 
-71 -68 0 
-71 -69 0 
-71 -70 0 
-71 -72 0 
-71 -79 0 
-71 -80 0 
-71 -81 0 
-72 -2 0 
-72 -9 0 
-72 -12 0 
-72 -18 0 
-72 -22 0 
-72 -27 0 
-72 -32 0 
-72 -36 0 
-72 -42 0 
-72 -45 0 
-72 -52 0 
-72 -54 0 
-72 -62 0 
-72 -63 0 
-72 -64 0 
-72 -65 0 
-72 -66 0 
-72 -67 0 
-72 -68 0 
-72 -69 0 
-72 -70 0 
-72 -71 0 
-72 -80 0 
-72 -81 0 
-73 -1 0 
-73 -9 0 
-73 -10 0 
-73 -17 0 
-73 -19 0 
-73 -25 0 
-73 -28 0 
-73 -33 0 
-73 -37 0 
-73 -41 0 
-73 -46 0 
-73 -49 0 
-73 -55 0 
-73 -57 0 
-73 -64 0 
-73 -65 0 
-73 -74 0 
-73 -75 0 
-73 -76 0 
-73 -77 0 
-73 -78 0 
-73 -79 0 
-73 -80 0 
-73 -81 0 
-74 -2 0 
-74 -11 0 
-74 -18 0 
-74 -20 0 
-74 -26 0 
-74 -29 0 
-74 -34 0 
-74 -38 0 
-74 -42 0 
-74 -47 0 
-74 -50 0 
-74 -56 0 
-74 -58 0 
-74 -64 0 
-74 -65 0 
-74 -66 0 
-74 -73 0 
-74 -75 0 
-74 -76 0 
-74 -77 0 
-74 -78 0 
-74 -79 0 
-74 -80 0 
-74 -81 0 
-75 -3 0 
-75 -12 0 
-75 -21 0 
-75 -27 0 
-75 -30 0 
-75 -35 0 
-75 -39 0 
-75 -43 0 
-75 -48 0 
-75 -51 0 
-75 -55 0 
-75 -57 0 
-75 -59 0 
-75 -65 0 
-75 -66 0 
-75 -67 0 
-75 -73 0 
-75 -74 0 
-75 -76 0 
-75 -77 0 
-75 -78 0 
-75 -79 0 
-75 -80 0 
-75 -81 0 
-76 -4 0 
-76 -13 0 
-76 -22 0 
-76 -31 0 
-76 -36 0 
-76 -40 0 
-76 -44 0 
-76 -46 0 
-76 -49 0 
-76 -52 0 
-76 -56 0 
-76 -58 0 
-76 -60 0 
-76 -66 0 
-76 -67 0 
-76 -68 0 
-76 -73 0 
-76 -74 0 
-76 -75 0 
-76 -77 0 
-76 -78 0 
-76 -79 0 
-76 -80 0 
-76 -81 0 
-77 -5 0 
-77 -14 0 
-77 -23 0 
-77 -32 0 
-77 -37 0 
-77 -41 0 
-77 -45 0 
-77 -47 0 
-77 -50 0 
-77 -53 0 
-77 -57 0 
-77 -59 0 
-77 -61 0 
-77 -67 0 
-77 -68 0 
-77 -69 0 
-77 -73 0 
-77 -74 0 
-77 -75 0 
-77 -76 0 
-77 -78 0 
-77 -79 0 
-77 -80 0 
-77 -81 0 
-78 -6 0 
-78 -15 0 
-78 -24 0 
-78 -28 0 
-78 -33 0 
-78 -38 0 
-78 -42 0 
-78 -48 0 
-78 -51 0 
-78 -54 0 
-78 -58 0 
-78 -60 0 
-78 -62 0 
-78 -68 0 
-78 -69 0 
-78 -70 0 
-78 -73 0 
-78 -74 0 
-78 -75 0 
-78 -76 0 
-78 -77 0 
-78 -79 0 
-78 -80 0 
-78 -81 0 
-79 -7 0 
-79 -16 0 
-79 -19 0 
-79 -25 0 
-79 -29 0 
-79 -34 0 
-79 -39 0 
-79 -43 0 
-79 -49 0 
-79 -52 0 
-79 -59 0 
-79 -61 0 
-79 -63 0 
-79 -69 0 
-79 -70 0 
-79 -71 0 
-79 -73 0 
-79 -74 0 
-79 -75 0 
-79 -76 0 
-79 -77 0 
-79 -78 0 
-79 -80 0 
-79 -81 0 
-80 -8 0 
-80 -10 0 
-80 -17 0 
-80 -20 0 
-80 -26 0 
-80 -30 0 
-80 -35 0 
-80 -40 0 
-80 -44 0 
-80 -50 0 
-80 -53 0 
-80 -60 0 
-80 -62 0 
-80 -70 0 
-80 -71 0 
-80 -72 0 
-80 -73 0 
-80 -74 0 
-80 -75 0 
-80 -76 0 
-80 -77 0 
-80 -78 0 
-80 -79 0 
-80 -81 0 
-81 -1 0 
-81 -9 0 
-81 -11 0 
-81 -18 0 
-81 -21 0 
-81 -27 0 
-81 -31 0 
-81 -36 0 
-81 -41 0 
-81 -45 0 
-81 -51 0 
-81 -54 0 
-81 -61 0 
-81 -63 0 
-81 -71 0 
-81 -72 0 
-81 -73 0 
-81 -74 0 
-81 -75 0 
-81 -76 0 
-81 -77 0 
-81 -78 0 
-81 -79 0 
-81 -80 0 
